objId,ra,dec,mag,sed_name,redshift
61457193691162,53.2179638,-27.2871912,21.2096104,galaxySED/Burst.25E09.1Z.spec.gz,0.576
61440128833562,53.2483711,-27.2698899,18.9664539,galaxySED/Burst.25E09.1Z.spec.gz,0.254
61440640673818,53.2626919,-27.2631712,21.9731487,galaxySED/Burst.25E09.1Z.spec.gz,0.61
61448782534682,53.2640396,-27.2849699,19.1411995,galaxySED/Burst.25E09.1Z.spec.gz,0.228
61453117232154,53.2627628,-27.2775303,20.0445675,galaxySED/Burst.25E09.1Z.spec.gz,0.414
61457802499098,53.1976804,-27.6551111,23.5197147,galaxySED/Burst.25E09.1Z.spec.gz,1.444
61448451642394,53.1814089,-27.6720839,21.6234631,galaxySED/Burst.25E09.1Z.spec.gz,0.546
61440765545498,53.2071496,-27.2962115,23.5344261,galaxySED/Burst.25E09.1Z.spec.gz,0.98
61441762323482,53.2009893,-27.3138057,21.4313969,galaxySED/Burst.25E09.1Z.spec.gz,0.562
61440248826906,53.1920994,-27.3249839,17.7945542,galaxySED/Burst.25E09.1Z.spec.gz,0.202
61440500807706,53.1302776,-27.3797261,19.5625118,galaxySED/Burst.25E09.1Z.spec.gz,0.252
61448207651866,53.1338524,-27.3703225,21.4196571,galaxySED/Burst.25E09.1Z.spec.gz,0.664
61442092770330,53.189011,-27.3820781,22.377684,galaxySED/Burst.25E09.1Z.spec.gz,0.81
61445632601114,53.1920638,-27.37647,22.0390076,galaxySED/Burst.25E09.1Z.spec.gz,0.602
61441722342426,53.2027387,-27.3735826,22.2645039,galaxySED/Burst.25E09.1Z.spec.gz,0.934
61444209916954,53.1837189,-27.3792878,16.4843611,galaxySED/Burst.25E09.1Z.spec.gz,0.1
61444248222746,53.1850259,-27.375266,22.7218041,galaxySED/Burst.25E09.1Z.spec.gz,0.672
61457833637914,53.1971058,-27.3622858,23.0251679,galaxySED/Burst.25E09.1Z.spec.gz,1.008
61450138810394,53.1930869,-27.3644775,20.811541,galaxySED/Burst.25E09.1Z.spec.gz,0.436
61440767790106,53.0149654,-27.4680271,22.6649059,galaxySED/Burst.25E09.1Z.spec.gz,0.968
61441031223322,53.0397337,-27.456431,22.3673576,galaxySED/Burst.25E09.1Z.spec.gz,1.044
61457790047258,53.1046067,-27.4650949,20.4822353,galaxySED/Burst.25E09.1Z.spec.gz,0.488
61440999866394,53.0995682,-27.4359127,21.4313969,galaxySED/Burst.25E09.1Z.spec.gz,0.562
61442131851290,53.0880547,-27.4472843,21.8945622,galaxySED/Burst.25E09.1Z.spec.gz,0.574
61443474283546,53.081874,-27.4588906,23.5848412,galaxySED/Burst.25E09.1Z.spec.gz,2.194
61440155641882,53.0714589,-27.4458637,19.5672764,galaxySED/Burst.25E09.1Z.spec.gz,0.324
61456105155610,53.2047936,-27.4101072,20.0580982,galaxySED/Burst.25E09.1Z.spec.gz,0.296
61444265634842,53.130847,-27.4587346,22.7895588,galaxySED/Burst.25E09.1Z.spec.gz,1.17
61449803396122,53.1484088,-27.4612668,21.7161144,galaxySED/Burst.25E09.1Z.spec.gz,0.828
61448960981018,53.1909722,-27.4332528,20.2748474,galaxySED/Burst.25E09.1Z.spec.gz,0.386
61440205094938,53.1413784,-27.4336294,17.8301052,galaxySED/Burst.25E09.1Z.spec.gz,0.184
61457838095386,53.1098038,-27.4304409,20.7150082,galaxySED/Burst.25E09.1Z.spec.gz,0.414
61448383720474,53.1651359,-27.3961883,21.2384819,galaxySED/Burst.25E09.1Z.spec.gz,0.426
61446709130266,53.1627727,-27.3904004,22.3595623,galaxySED/Burst.25E09.1Z.spec.gz,0.81
61452122530842,53.181494,-27.3903417,21.6548218,galaxySED/Burst.25E09.1Z.spec.gz,0.874
61450657300506,53.1255436,-27.4225329,23.5848412,galaxySED/Burst.25E09.1Z.spec.gz,2.194
61457828384794,52.8932596,-27.6427508,21.1742405,galaxySED/Burst.25E09.1Z.spec.gz,0.454
61442899610650,52.8821183,-27.6426979,22.9690651,galaxySED/Burst.25E09.1Z.spec.gz,0.866
61445358914586,52.8747048,-27.6425666,20.7353272,galaxySED/Burst.25E09.1Z.spec.gz,0.35
61445418453018,52.8867067,-27.6356717,18.16647,galaxySED/Burst.25E09.1Z.spec.gz,0.216
61440478414874,52.8789056,-27.5967943,21.5295166,galaxySED/Burst.25E09.1Z.spec.gz,0.53
61442071993370,52.8865404,-27.5940385,20.8818192,galaxySED/Burst.25E09.1Z.spec.gz,0.376
61446190341146,52.8939035,-27.6023713,20.3964562,galaxySED/Burst.25E09.1Z.spec.gz,0.418
61455113808922,52.8608018,-27.6049752,24.1877617,galaxySED/Burst.25E09.1Z.spec.gz,1.12
61441120877594,52.8745358,-27.6299935,20.8818192,galaxySED/Burst.25E09.1Z.spec.gz,0.376
61448669135898,52.8821273,-27.6205159,24.6392464,galaxySED/Burst.25E09.1Z.spec.gz,1.762
61457771249690,52.9980068,-27.6130796,21.2518887,galaxySED/Burst.25E09.1Z.spec.gz,0.576
61455560763418,52.980323,-27.5958163,21.679356,galaxySED/Burst.25E09.1Z.spec.gz,0.696
61447691085850,53.0013218,-27.5936542,20.1691784,galaxySED/Burst.25E09.1Z.spec.gz,0.32
61448799251482,52.9872331,-27.5829127,24.480267,galaxySED/Burst.25E09.1Z.spec.gz,1.566
61443572757530,52.9926821,-27.586034,21.9307026,galaxySED/Burst.25E09.1Z.spec.gz,0.746
61440328956954,52.9526202,-27.6169971,17.8301052,galaxySED/Burst.25E09.1Z.spec.gz,0.184
61440378980378,52.9485332,-27.6295705,19.9346871,galaxySED/Burst.25E09.1Z.spec.gz,0.302
61440765181978,52.9698654,-27.5113599,20.7935108,galaxySED/Burst.25E09.1Z.spec.gz,0.456
61445529844762,52.9867159,-27.5035847,21.2701687,galaxySED/Burst.25E09.1Z.spec.gz,0.736
61454945408026,52.9869568,-27.4915153,24.7724213,galaxySED/Burst.25E09.1Z.spec.gz,1.986
61443788736538,52.9492059,-27.5234157,20.8818192,galaxySED/Burst.25E09.1Z.spec.gz,0.376
61447690877978,52.9403983,-27.5423333,19.4706368,galaxySED/Burst.25E09.1Z.spec.gz,0.324
61454012447770,52.9462093,-27.5384577,19.9356827,galaxySED/Burst.25E09.1Z.spec.gz,0.494
61456379660314,52.9959317,-27.5546208,22.98358,galaxySED/Burst.25E09.1Z.spec.gz,1.126
61444830381082,53.0030929,-27.5327994,22.5269016,galaxySED/Burst.25E09.1Z.spec.gz,1.03
61440207636506,52.9722934,-27.5493994,20.0683712,galaxySED/Burst.25E09.1Z.spec.gz,0.378
61440952949786,52.9900304,-27.5172162,21.0577416,galaxySED/Burst.25E09.1Z.spec.gz,0.65
61447678019610,52.9895967,-27.5249469,19.9648861,galaxySED/Burst.25E09.1Z.spec.gz,0.302
61456509881370,52.9770757,-27.5843592,23.3762573,galaxySED/Burst.25E09.1Z.spec.gz,0.898
61446511268890,52.9811861,-27.5723653,20.9916004,galaxySED/Burst.25E09.1Z.spec.gz,0.34
61454497720346,52.9134439,-27.5651553,20.1691784,galaxySED/Burst.25E09.1Z.spec.gz,0.32
61447030706202,52.9360466,-27.565485,23.5614781,galaxySED/Burst.25E09.1Z.spec.gz,1.578
61457831064602,52.9428339,-27.5690616,23.8074307,galaxySED/Burst.25E09.1Z.spec.gz,1.28
61457818594330,52.9280283,-27.5771869,19.1411995,galaxySED/Burst.25E09.1Z.spec.gz,0.228
61441168641050,52.9420799,-27.6132709,20.6114868,galaxySED/Burst.25E09.1Z.spec.gz,0.344
61456061472794,52.9386279,-27.6126148,19.5467304,galaxySED/Burst.25E09.1Z.spec.gz,0.37
61446420245530,52.9294167,-27.6114514,19.3290638,galaxySED/Burst.25E09.1Z.spec.gz,0.262
61457845367834,52.937713,-27.5841486,22.5935177,galaxySED/Burst.25E09.1Z.spec.gz,0.768
61440307633178,53.1945249,-27.6129931,21.9472927,galaxySED/Burst.25E09.1Z.spec.gz,0.656
61440368808986,53.1889704,-27.6229303,17.8301052,galaxySED/Burst.25E09.1Z.spec.gz,0.184
61445205030938,53.1988669,-27.615866,22.259663,galaxySED/Burst.25E09.1Z.spec.gz,0.55
61449854738458,53.1905563,-27.6296527,22.4168953,galaxySED/Burst.25E09.1Z.spec.gz,0.954
61447694899226,53.1795439,-27.5876669,21.5418514,galaxySED/Burst.25E09.1Z.spec.gz,0.83
61442368773146,53.1858371,-27.5874774,21.4870133,galaxySED/Burst.25E09.1Z.spec.gz,0.62
61457826599962,53.1872299,-27.5835917,21.9472927,galaxySED/Burst.25E09.1Z.spec.gz,0.656
61441395251226,53.1857422,-27.5904271,16.4843611,galaxySED/Burst.25E09.1Z.spec.gz,0.1
61442497891354,53.1398839,-27.6390821,20.6853298,galaxySED/Burst.25E09.1Z.spec.gz,0.57
61440943384602,53.2057272,-27.4843036,23.4233135,galaxySED/Burst.25E09.1Z.spec.gz,1.228
61440327908378,53.2065485,-27.523363,20.1252884,galaxySED/Burst.25E09.1Z.spec.gz,0.35
61446389571610,53.1659365,-27.5230427,18.16647,galaxySED/Burst.25E09.1Z.spec.gz,0.216
61450136640538,53.0158212,-27.6413017,23.6268925,galaxySED/Burst.25E09.1Z.spec.gz,1.338
61440697503770,53.0303631,-27.6435319,22.2811894,galaxySED/Burst.25E09.1Z.spec.gz,0.61
61443779362842,53.0378417,-27.6421895,21.9792484,galaxySED/Burst.25E09.1Z.spec.gz,0.648
61454541123610,53.0853574,-27.642968,22.822245,galaxySED/Burst.25E09.1Z.spec.gz,0.844
61444540887066,53.091772,-27.6410265,21.2607578,galaxySED/Burst.25E09.1Z.spec.gz,0.474
61442083382298,53.0963477,-27.6139781,22.5939507,galaxySED/Burst.25E09.1Z.spec.gz,1.118
61447502664730,53.0909432,-27.6253824,19.4613518,galaxySED/Burst.25E09.1Z.spec.gz,0.292
61442438639642,53.0988042,-27.5678647,20.8818192,galaxySED/Burst.25E09.1Z.spec.gz,0.376
61443324600346,53.0989283,-27.5669753,23.1617073,galaxySED/Burst.25E09.1Z.spec.gz,1.118
61442569844762,53.0652652,-27.5953746,23.6972202,galaxySED/Burst.25E09.1Z.spec.gz,1.386
61442785172506,53.0901653,-27.6111926,18.7169117,galaxySED/Burst.25E09.1Z.spec.gz,0.252
61444177100826,53.058403,-27.607857,21.1875462,galaxySED/Burst.25E09.1Z.spec.gz,0.63
61441718064154,53.0604095,-27.630496,22.6704811,galaxySED/Burst.25E09.1Z.spec.gz,0.986
61441837571098,53.110209,-27.5593055,21.7175774,galaxySED/Burst.25E09.1Z.spec.gz,0.91
61445857417242,53.1372756,-27.5587152,19.4836544,galaxySED/Burst.25E09.1Z.spec.gz,0.416
61442971245594,53.1282411,-27.5629528,21.0792851,galaxySED/Burst.25E09.1Z.spec.gz,0.322
61457465286682,53.1081969,-27.6292776,23.2712483,galaxySED/Burst.25E09.1Z.spec.gz,1.054
61448157762586,53.1202343,-27.6063444,21.6142029,galaxySED/Burst.25E09.1Z.spec.gz,0.722
61440135594010,53.0245643,-27.6235181,20.8818192,galaxySED/Burst.25E09.1Z.spec.gz,0.376
61440994650138,53.0209794,-27.617221,21.5519489,galaxySED/Burst.25E09.1Z.spec.gz,0.756
61443059236890,53.0908946,-27.5656833,16.4843611,galaxySED/Burst.25E09.1Z.spec.gz,0.1
61441824759834,53.0775369,-27.5583453,21.6234631,galaxySED/Burst.25E09.1Z.spec.gz,0.546
61457704135706,53.0720559,-27.5814974,22.3457665,galaxySED/Burst.25E09.1Z.spec.gz,0.796
61445484596250,53.0632714,-27.5843641,22.1257977,galaxySED/Burst.25E09.1Z.spec.gz,1.002
61453237895194,53.0663914,-27.5828555,17.9432301,galaxySED/Burst.25E09.1Z.spec.gz,0.224
61452597740570,53.0612362,-27.5892167,20.1691784,galaxySED/Burst.25E09.1Z.spec.gz,0.32
61450938853402,53.0795366,-27.565039,20.1416573,galaxySED/Burst.25E09.1Z.spec.gz,0.548
61441956594714,53.0152173,-27.561733,21.7250561,galaxySED/Burst.25E09.1Z.spec.gz,0.888
61443606561818,53.0402844,-27.6005653,22.1257977,galaxySED/Burst.25E09.1Z.spec.gz,1.002
61457829807130,53.041432,-27.5953458,24.8454517,galaxySED/Burst.25E09.1Z.spec.gz,1.586
61442646004762,53.045747,-27.586925,21.4313969,galaxySED/Burst.25E09.1Z.spec.gz,0.562
61454408088602,53.1982644,-27.4771615,24.4526676,galaxySED/Burst.25E09.1Z.spec.gz,1.486
61443774604314,53.1628797,-27.5092326,21.6152348,galaxySED/Burst.25E09.1Z.spec.gz,0.832
61440853227546,53.1699883,-27.4934464,21.7730469,galaxySED/Burst.25E09.1Z.spec.gz,0.724
61457844569114,53.1116882,-27.4817696,23.5848412,galaxySED/Burst.25E09.1Z.spec.gz,2.194
61457832032282,53.1223549,-27.4729143,21.8341107,galaxySED/Burst.25E09.1Z.spec.gz,0.822
61440924092442,53.1136464,-27.4776461,19.2416367,galaxySED/Burst.25E09.1Z.spec.gz,0.23
61445603104794,53.1423069,-27.5202132,18.8982987,galaxySED/Burst.25E09.1Z.spec.gz,0.27
61457782117402,53.1161107,-27.5071997,23.8053707,galaxySED/Burst.25E09.1Z.spec.gz,1.62
61457811961882,53.1479158,-27.5122143,21.2194618,galaxySED/Burst.25E09.1Z.spec.gz,0.684
61440791106586,53.1368134,-27.510691,20.8818192,galaxySED/Burst.25E09.1Z.spec.gz,0.376
61452536171546,53.0210434,-27.4704471,24.7724213,galaxySED/Burst.25E09.1Z.spec.gz,1.986
61455999139866,53.0388403,-27.520589,22.3611378,galaxySED/Burst.25E09.1Z.spec.gz,0.748
61457842141210,53.0635119,-27.4815167,24.0405563,galaxySED/Burst.25E09.1Z.spec.gz,1.326
61441274108954,53.0810785,-27.4910599,21.6234631,galaxySED/Burst.25E09.1Z.spec.gz,0.546
61440157601818,53.0516203,-27.5000742,19.9346871,galaxySED/Burst.25E09.1Z.spec.gz,0.302
61440395793434,53.0721831,-27.503053,19.5672764,galaxySED/Burst.25E09.1Z.spec.gz,0.324
61442755682330,53.1074612,-27.5135041,17.9432301,galaxySED/Burst.25E09.1Z.spec.gz,0.224
61457832957978,53.0955539,-27.5096087,20.0580982,galaxySED/Burst.25E09.1Z.spec.gz,0.296
61440554379290,53.014305,-27.5541301,19.0604385,galaxySED/Burst.25E09.1Z.spec.gz,0.258
61454916394010,53.0323356,-27.5404772,21.5223736,galaxySED/Burst.25E09.1Z.spec.gz,0.6
61443052572698,53.0468696,-27.5504313,20.1296524,galaxySED/Burst.25E09.1Z.spec.gz,0.444
61441106574362,53.0551763,-27.5290539,19.5672764,galaxySED/Burst.25E09.1Z.spec.gz,0.324
61444019098650,53.0476629,-27.5401347,21.5519489,galaxySED/Burst.25E09.1Z.spec.gz,0.756
61449525764122,53.0936689,-27.5574644,22.9038643,galaxySED/Burst.25E09.1Z.spec.gz,0.852
61445342993434,53.1058834,-27.5359673,22.8276047,galaxySED/Burst.25E09.1Z.spec.gz,0.728
61440902255642,53.0827553,-27.527418,20.0683712,galaxySED/Burst.25E09.1Z.spec.gz,0.378
61457250084890,53.1936803,-27.6545696,20.887524,galaxySED/Burst.25E09.1Z.spec.gz,0.532
61441451601946,53.1808725,-27.649776,21.8945622,galaxySED/Burst.25E09.1Z.spec.gz,0.574
61441597203482,53.1485647,-27.6483495,21.9496407,galaxySED/Burst.25E09.1Z.spec.gz,0.526
61440022573082,53.1311836,-27.6515027,17.8301052,galaxySED/Burst.25E09.1Z.spec.gz,0.184
61457843142682,53.1261973,-27.7120576,21.0063538,galaxySED/Burst.25E09.1Z.spec.gz,0.564
61440331173914,53.0188965,-27.6502001,17.7945542,galaxySED/Burst.25E09.1Z.spec.gz,0.202
61446628013082,53.0495087,-27.6483914,23.7877735,galaxySED/Burst.25E09.1Z.spec.gz,1.264
61441576711194,53.0186494,-27.7220134,21.5519489,galaxySED/Burst.25E09.1Z.spec.gz,0.756
61454999612442,53.0405633,-27.6655494,22.5528435,galaxySED/Burst.25E09.1Z.spec.gz,0.81
61456500406298,53.0565424,-27.6986329,23.4233135,galaxySED/Burst.25E09.1Z.spec.gz,1.228
61440021393434,53.0535953,-27.7028124,18.9664539,galaxySED/Burst.25E09.1Z.spec.gz,0.254
61456759751706,53.0486592,-27.701319,23.1812977,galaxySED/Burst.25E09.1Z.spec.gz,1.32
61444281509914,53.0501438,-27.7007816,24.2207245,galaxySED/Burst.25E09.1Z.spec.gz,1.632
61442449308698,53.0935276,-27.7064911,24.0490212,galaxySED/Burst.25E09.1Z.spec.gz,1.362
61443044082714,53.0899866,-27.7112483,19.5467304,galaxySED/Burst.25E09.1Z.spec.gz,0.37
61440026579994,53.0755812,-27.7197345,17.8301052,galaxySED/Burst.25E09.1Z.spec.gz,0.184
61457833588762,53.0815001,-27.7276911,23.706284,galaxySED/Burst.25E09.1Z.spec.gz,1.146
61457822678042,53.1003317,-27.6779406,19.1260857,galaxySED/Burst.25E09.1Z.spec.gz,0.318
61443910195226,52.8240102,-27.6638034,22.2959122,galaxySED/Burst.25E09.1Z.spec.gz,0.742
61457832329242,52.8754108,-27.647488,23.7460465,galaxySED/Burst.25E09.1Z.spec.gz,1.064
61443901312026,52.8805224,-27.6499845,23.026854,galaxySED/Burst.25E09.1Z.spec.gz,0.952
61441095321626,52.8524676,-27.6517996,19.0604385,galaxySED/Burst.25E09.1Z.spec.gz,0.258
61444413067290,52.8389121,-27.6669829,21.8408054,galaxySED/Burst.25E09.1Z.spec.gz,0.51
61440742234138,52.9754988,-27.6642662,21.5295166,galaxySED/Burst.25E09.1Z.spec.gz,0.53
61457829448730,52.9722221,-27.6570861,22.7895588,galaxySED/Burst.25E09.1Z.spec.gz,1.17
61457818624026,52.9218902,-27.6746226,22.8298191,galaxySED/Burst.25E09.1Z.spec.gz,1.024
61457834123290,52.9447349,-27.6475491,23.5848412,galaxySED/Burst.25E09.1Z.spec.gz,2.194
61442921824282,52.9320773,-27.6571234,21.1791939,galaxySED/Burst.25E09.1Z.spec.gz,0.53
61457756752922,52.928103,-27.6488737,20.4383301,galaxySED/Burst.25E09.1Z.spec.gz,0.404
61441330469914,52.9186306,-27.66509,22.549292,galaxySED/Burst.25E09.1Z.spec.gz,1.04
61442724641818,52.934302,-27.7032369,21.9279293,galaxySED/Burst.25E09.1Z.spec.gz,0.758
61444351359002,52.9261779,-27.6768415,21.5906414,galaxySED/Burst.25E09.1Z.spec.gz,0.56
61447546857498,52.907897,-27.6909867,21.0066246,galaxySED/Burst.25E09.1Z.spec.gz,0.374
61440558714906,52.9069666,-27.7079672,19.2416367,galaxySED/Burst.25E09.1Z.spec.gz,0.23
61442114270234,52.9005287,-27.676505,21.333115,galaxySED/Burst.25E09.1Z.spec.gz,0.558
61450178427930,52.8732614,-27.7060491,22.7504467,galaxySED/Burst.25E09.1Z.spec.gz,0.796
61443671882778,53.0000914,-27.6538307,21.4313969,galaxySED/Burst.25E09.1Z.spec.gz,0.562
61455683439642,52.9822613,-27.6865385,20.853537,galaxySED/Burst.25E09.1Z.spec.gz,0.372
61440125745178,52.9952359,-27.6792022,18.9664539,galaxySED/Burst.25E09.1Z.spec.gz,0.254
61440329875482,53.0011382,-27.6798542,20.1252884,galaxySED/Burst.25E09.1Z.spec.gz,0.35
61453214259226,52.9890022,-27.6732545,24.0813374,galaxySED/Burst.25E09.1Z.spec.gz,1.184
61442158097434,52.9237626,-27.7183829,22.98358,galaxySED/Burst.25E09.1Z.spec.gz,1.126
61457830918170,52.9572434,-27.7128259,22.829081,galaxySED/Burst.25E09.1Z.spec.gz,0.768
61457829745690,52.9473093,-27.6980352,22.2442917,galaxySED/Burst.25E09.1Z.spec.gz,0.834
61454768182298,53.0038092,-27.7265717,20.4696316,galaxySED/Burst.25E09.1Z.spec.gz,0.406
61442575093786,52.989727,-27.706683,19.5467304,galaxySED/Burst.25E09.1Z.spec.gz,0.37
61457833014298,53.0029566,-27.7086024,20.3964562,galaxySED/Burst.25E09.1Z.spec.gz,0.418
61446570311706,52.9725883,-27.7277804,23.2230839,galaxySED/Burst.25E09.1Z.spec.gz,1.146
61457786007578,52.9870562,-27.7227391,21.2096104,galaxySED/Burst.25E09.1Z.spec.gz,0.576
61453688048666,52.9950763,-27.6957957,19.9356827,galaxySED/Burst.25E09.1Z.spec.gz,0.494
61441578611738,52.9763525,-27.7350323,21.827906,galaxySED/Burst.25E09.1Z.spec.gz,0.662
61445189645338,52.9723387,-27.7350385,22.6503929,galaxySED/Burst.25E09.1Z.spec.gz,0.928
61452066687002,52.9737771,-27.7361277,23.5614781,galaxySED/Burst.25E09.1Z.spec.gz,1.578
61457836053530,53.2148887,-27.3178412,22.459082,galaxySED/Burst.25E09.1Z.spec.gz,0.986
61440917788698,53.2142628,-27.3699119,19.2416367,galaxySED/Burst.25E09.1Z.spec.gz,0.23
61442130880538,53.234297,-27.3502451,21.4313969,galaxySED/Burst.25E09.1Z.spec.gz,0.562
61440849246234,53.219005,-27.3572704,20.1691784,galaxySED/Burst.25E09.1Z.spec.gz,0.32
61456629615642,53.2852524,-27.302794,22.5979981,galaxySED/Burst.25E09.1Z.spec.gz,0.842
61440234761242,53.2863391,-27.3103639,16.4843611,galaxySED/Burst.25E09.1Z.spec.gz,0.1
61441156842522,53.2550084,-27.2984814,21.0656265,galaxySED/Burst.25E09.1Z.spec.gz,0.542
61440199705626,53.253417,-27.3092593,21.6548218,galaxySED/Burst.25E09.1Z.spec.gz,0.874
61441315983386,53.2120087,-27.335859,20.6488957,galaxySED/Burst.25E09.1Z.spec.gz,0.44
61453846932506,53.2128259,-27.4409282,22.498959,galaxySED/Burst.25E09.1Z.spec.gz,0.78
61444806570010,53.2180335,-27.4440341,21.1559471,galaxySED/Burst.25E09.1Z.spec.gz,0.402
61443155409946,53.2881256,-27.3952921,18.16647,galaxySED/Burst.25E09.1Z.spec.gz,0.216
61441370781722,53.2796079,-27.4023067,21.1791939,galaxySED/Burst.25E09.1Z.spec.gz,0.53
61457835358234,53.2166617,-27.3912717,22.377684,galaxySED/Burst.25E09.1Z.spec.gz,0.81
61457721745434,53.2169186,-27.4040029,19.9356827,galaxySED/Burst.25E09.1Z.spec.gz,0.494
61443050712090,53.2214645,-27.4156933,19.4890999,galaxySED/Burst.25E09.1Z.spec.gz,0.362
61440177196058,53.2558979,-27.4218405,22.0512165,galaxySED/Burst.25E09.1Z.spec.gz,0.888
61440232227866,53.3295692,-27.3615121,17.8301052,galaxySED/Burst.25E09.1Z.spec.gz,0.184
61450422746138,53.3116267,-27.3552227,19.8589405,galaxySED/Burst.25E09.1Z.spec.gz,0.328
61451145992218,53.3038271,-27.372992,20.3275189,galaxySED/Burst.25E09.1Z.spec.gz,0.384
61440765270042,53.2972541,-27.3565303,21.5519489,galaxySED/Burst.25E09.1Z.spec.gz,0.756
61440353144858,53.2820404,-27.361924,20.1296524,galaxySED/Burst.25E09.1Z.spec.gz,0.444
61444677506074,53.2704431,-27.3745457,19.4706368,galaxySED/Burst.25E09.1Z.spec.gz,0.324
61451129021466,53.2841771,-27.3800458,22.5590653,galaxySED/Burst.25E09.1Z.spec.gz,0.89
61453698620442,53.2520418,-27.3735049,21.0063538,galaxySED/Burst.25E09.1Z.spec.gz,0.564
61442083387418,53.2357397,-27.6190067,21.2518887,galaxySED/Burst.25E09.1Z.spec.gz,0.576
61444177102874,53.2362009,-27.6167112,20.8818192,galaxySED/Burst.25E09.1Z.spec.gz,0.376
61442724582426,53.2407553,-27.6060111,20.8818192,galaxySED/Burst.25E09.1Z.spec.gz,0.376
61446963746842,53.2591331,-27.5987838,20.7150082,galaxySED/Burst.25E09.1Z.spec.gz,0.414
61443915610138,53.2762596,-27.5833002,21.5906414,galaxySED/Burst.25E09.1Z.spec.gz,0.56
61453246704666,53.3407778,-27.4714911,18.7305016,galaxySED/Burst.25E09.1Z.spec.gz,0.18
61452498513946,53.3106355,-27.5154627,24.5236057,galaxySED/Burst.25E09.1Z.spec.gz,1.5
61457830136858,53.3374161,-27.5091753,20.7384915,galaxySED/Burst.25E09.1Z.spec.gz,0.482
61457825095706,53.226225,-27.4744967,22.7825684,galaxySED/Burst.25E09.1Z.spec.gz,1.076
61454911104026,53.2140657,-27.5007843,22.629538,galaxySED/Burst.25E09.1Z.spec.gz,0.862
61445493138458,53.2538796,-27.515112,21.4450192,galaxySED/Burst.25E09.1Z.spec.gz,0.67
61445215953946,53.2396978,-27.528163,23.189917,galaxySED/Burst.25E09.1Z.spec.gz,0.842
61447750897690,53.2410329,-27.4895272,18.8982987,galaxySED/Burst.25E09.1Z.spec.gz,0.27
61440942820378,53.2516621,-27.4961684,22.71213,galaxySED/Burst.25E09.1Z.spec.gz,0.996
61441998614554,53.2847532,-27.508387,21.1248345,galaxySED/Burst.25E09.1Z.spec.gz,0.53
61457832452122,53.291597,-27.4937673,22.0015835,galaxySED/Burst.25E09.1Z.spec.gz,0.744
61454154067994,53.2848582,-27.4958733,21.7044548,galaxySED/Burst.25E09.1Z.spec.gz,0.62
61450373678106,53.2490947,-27.5578582,21.2701687,galaxySED/Burst.25E09.1Z.spec.gz,0.736
61441990196250,53.2374302,-27.5571988,18.9664539,galaxySED/Burst.25E09.1Z.spec.gz,0.254
61443951839258,53.2422575,-27.5335895,18.6359333,galaxySED/Burst.25E09.1Z.spec.gz,0.24
61440078886938,53.2549547,-27.5311902,17.8301052,galaxySED/Burst.25E09.1Z.spec.gz,0.184
61457839015962,53.2497363,-27.5274751,21.0365528,galaxySED/Burst.25E09.1Z.spec.gz,0.564
61441107732506,53.2437071,-27.5378211,23.6303505,galaxySED/Burst.25E09.1Z.spec.gz,1.468
61440439651354,53.2807239,-27.5494645,18.4094891,galaxySED/Burst.25E09.1Z.spec.gz,0.238
61445387420698,53.2596642,-27.5491699,24.9083962,galaxySED/Burst.25E09.1Z.spec.gz,1.73
61452540893210,53.2928963,-27.5190962,21.0066246,galaxySED/Burst.25E09.1Z.spec.gz,0.374
61440568366106,53.3253957,-27.4635652,22.7825684,galaxySED/Burst.25E09.1Z.spec.gz,1.076
61441936815130,53.3252241,-27.3786368,21.827906,galaxySED/Burst.25E09.1Z.spec.gz,0.662
61441130942490,53.2415104,-27.445675,22.9038643,galaxySED/Burst.25E09.1Z.spec.gz,0.852
61440392949786,53.2957148,-27.420723,19.9346871,galaxySED/Burst.25E09.1Z.spec.gz,0.302
61447624044570,53.2891316,-27.4283124,19.9648861,galaxySED/Burst.25E09.1Z.spec.gz,0.302
61457785770010,53.2588736,-27.447576,22.2473339,galaxySED/Burst.25E09.1Z.spec.gz,0.774
61451614792730,53.3097575,-27.3997693,19.9356827,galaxySED/Burst.25E09.1Z.spec.gz,0.494
61441305596954,53.3274033,-27.4109599,21.9731487,galaxySED/Burst.25E09.1Z.spec.gz,0.61
61451357188122,53.2958201,-27.5912778,24.6206078,galaxySED/Burst.25E09.1Z.spec.gz,1.576
61454635733018,53.2895009,-27.5978481,22.0512165,galaxySED/Burst.25E09.1Z.spec.gz,0.888
61455617645594,53.2690839,-27.610688,24.4526676,galaxySED/Burst.25E09.1Z.spec.gz,1.486
61441718244378,53.3118712,-27.5583723,22.1005577,galaxySED/Burst.25E09.1Z.spec.gz,0.87
61445352025114,53.1615357,-27.3233952,20.7353272,galaxySED/Burst.25E09.1Z.spec.gz,0.35
61448770062362,53.1120616,-27.316658,22.822245,galaxySED/Burst.25E09.1Z.spec.gz,0.844
61457831473178,53.1389875,-27.3542775,23.5065464,galaxySED/Burst.25E09.1Z.spec.gz,1.186
61442231371802,53.1253142,-27.3523251,18.7169117,galaxySED/Burst.25E09.1Z.spec.gz,0.252
61443659349018,53.0225855,-27.3041334,22.9905132,galaxySED/Burst.25E09.1Z.spec.gz,0.988
61443692970010,53.0369257,-27.2966016,19.5467304,galaxySED/Burst.25E09.1Z.spec.gz,0.37
61441106270234,53.011723,-27.3381317,20.1416573,galaxySED/Burst.25E09.1Z.spec.gz,0.548
61445662583834,53.0306865,-27.3431424,22.6011604,galaxySED/Burst.25E09.1Z.spec.gz,0.81
61452906356762,53.0185927,-27.3552119,23.9206566,galaxySED/Burst.25E09.1Z.spec.gz,1.264
61454232077338,53.0571764,-27.3370392,22.2822041,galaxySED/Burst.25E09.1Z.spec.gz,0.772
61440732511258,53.0561378,-27.3062034,19.5672764,galaxySED/Burst.25E09.1Z.spec.gz,0.324
61440377270298,53.0881847,-27.3883577,19.2416367,galaxySED/Burst.25E09.1Z.spec.gz,0.23
61444459341850,53.0868727,-27.3970793,19.3290638,galaxySED/Burst.25E09.1Z.spec.gz,0.262
61452453613594,53.0141739,-27.3828855,22.498959,galaxySED/Burst.25E09.1Z.spec.gz,0.78
61457837436954,53.0299256,-27.3874247,24.7724213,galaxySED/Burst.25E09.1Z.spec.gz,1.986
61454259637274,53.0220868,-27.4027127,21.4007744,galaxySED/Burst.25E09.1Z.spec.gz,0.64
61457836308506,53.0545437,-27.3497758,22.4737858,galaxySED/Burst.25E09.1Z.spec.gz,0.866
61442730710042,53.0566792,-27.3507734,23.8915333,galaxySED/Burst.25E09.1Z.spec.gz,1.392
61456094503962,53.0717014,-27.3760197,22.5819782,galaxySED/Burst.25E09.1Z.spec.gz,0.914
61457811844122,53.0825799,-27.3666098,22.5753826,galaxySED/Burst.25E09.1Z.spec.gz,0.744
61445609368602,53.0985425,-27.3329341,24.8190941,galaxySED/Burst.25E09.1Z.spec.gz,1.554
61440936943642,53.0662745,-27.3419223,21.1875462,galaxySED/Burst.25E09.1Z.spec.gz,0.63
61453071471642,53.066155,-27.3480226,20.0580982,galaxySED/Burst.25E09.1Z.spec.gz,0.296
61441160521754,52.8142134,-27.3046696,23.4233135,galaxySED/Burst.25E09.1Z.spec.gz,1.228
61440143384602,52.8718111,-27.3260116,19.4890999,galaxySED/Burst.25E09.1Z.spec.gz,0.362
61440202051610,52.8668656,-27.3179204,18.9664539,galaxySED/Burst.25E09.1Z.spec.gz,0.254
61440834669594,52.8794034,-27.3069022,22.2439617,galaxySED/Burst.25E09.1Z.spec.gz,0.778
61441120771098,52.8497262,-27.3135985,20.1354946,galaxySED/Burst.25E09.1Z.spec.gz,0.44
61442108267546,52.8135252,-27.4500581,19.2416367,galaxySED/Burst.25E09.1Z.spec.gz,0.23
61440610136090,52.826194,-27.4366806,19.5672764,galaxySED/Burst.25E09.1Z.spec.gz,0.324
61448335550490,52.8789989,-27.3978809,22.3611378,galaxySED/Burst.25E09.1Z.spec.gz,0.748
61442280479770,52.8321445,-27.4181089,23.5065464,galaxySED/Burst.25E09.1Z.spec.gz,1.186
61443661190170,52.9693454,-27.3050787,21.8341107,galaxySED/Burst.25E09.1Z.spec.gz,0.822
61444934440986,52.9742972,-27.3177531,22.746201,galaxySED/Burst.25E09.1Z.spec.gz,0.574
61440862406682,52.9362589,-27.3136624,20.0859207,galaxySED/Burst.25E09.1Z.spec.gz,0.384
61457831705626,52.9429695,-27.3382098,23.2226986,galaxySED/Burst.25E09.1Z.spec.gz,1.022
61440492787738,52.8776727,-27.3672743,22.3595623,galaxySED/Burst.25E09.1Z.spec.gz,0.81
61450459050010,52.8163315,-27.3759245,24.1877617,galaxySED/Burst.25E09.1Z.spec.gz,1.12
61449895542810,52.8330426,-27.3637905,21.6836418,galaxySED/Burst.25E09.1Z.spec.gz,0.588
61443777513498,52.8576948,-27.3632555,23.4541,galaxySED/Burst.25E09.1Z.spec.gz,1.588
61457822632986,52.8633812,-27.3411568,23.3983273,galaxySED/Burst.25E09.1Z.spec.gz,1.208
61443192236058,52.8635924,-27.3553057,22.9896568,galaxySED/Burst.25E09.1Z.spec.gz,0.792
61447678259226,52.8692001,-27.3474287,21.7730469,galaxySED/Burst.25E09.1Z.spec.gz,0.724
61457616350234,52.8773061,-27.3400311,23.3129334,galaxySED/Burst.25E09.1Z.spec.gz,0.82
61443816752154,52.8793935,-27.3483885,22.5819782,galaxySED/Burst.25E09.1Z.spec.gz,0.914
61440565275674,52.8130595,-27.6223401,19.5672764,galaxySED/Burst.25E09.1Z.spec.gz,0.324
61441194259482,52.8104734,-27.6186071,21.0278,galaxySED/Burst.25E09.1Z.spec.gz,0.608
61449516829722,52.860144,-27.5607388,21.7828526,galaxySED/Burst.25E09.1Z.spec.gz,0.624
61443494817818,52.8838111,-27.5729561,23.8330273,galaxySED/Burst.25E09.1Z.spec.gz,1.16
61457835922458,52.8101452,-27.5957157,21.679356,galaxySED/Burst.25E09.1Z.spec.gz,0.696
61441693686810,52.8320852,-27.5711632,22.2924866,galaxySED/Burst.25E09.1Z.spec.gz,0.652
61440877499418,52.8279683,-27.575746,21.1754669,galaxySED/Burst.25E09.1Z.spec.gz,0.63
61440346089498,52.9793817,-27.490137,21.0792851,galaxySED/Burst.25E09.1Z.spec.gz,0.322
61457840302106,52.9170128,-27.4997912,23.706284,galaxySED/Burst.25E09.1Z.spec.gz,1.146
61445367168026,52.9409412,-27.4717285,24.0746426,galaxySED/Burst.25E09.1Z.spec.gz,2.03
61443138069530,52.9345151,-27.4853014,22.498959,galaxySED/Burst.25E09.1Z.spec.gz,0.78
61457115747354,52.9155772,-27.488292,22.0251698,galaxySED/Burst.25E09.1Z.spec.gz,0.736
61444381065242,52.9546475,-27.5165025,21.6234631,galaxySED/Burst.25E09.1Z.spec.gz,0.546
61441874680858,52.912669,-27.5272536,23.8053707,galaxySED/Burst.25E09.1Z.spec.gz,1.62
61457843348506,52.913152,-27.5271209,23.2173676,galaxySED/Burst.25E09.1Z.spec.gz,1.052
61455417821210,52.9149348,-27.5218901,18.2376923,galaxySED/Burst.25E09.1Z.spec.gz,0.25
61441272978458,52.9256247,-27.5214723,19.9648861,galaxySED/Burst.25E09.1Z.spec.gz,0.302
61457842440218,52.9208528,-27.5110881,22.9531235,galaxySED/Burst.25E09.1Z.spec.gz,1.092
61457840210970,52.95873,-27.4845845,22.40173,galaxySED/Burst.25E09.1Z.spec.gz,0.92
61444007873562,52.9530364,-27.4846276,22.0390076,galaxySED/Burst.25E09.1Z.spec.gz,0.602
61457841154074,52.8162477,-27.5041996,21.7112373,galaxySED/Burst.25E09.1Z.spec.gz,0.522
61441356156954,52.8415505,-27.47978,22.8521313,galaxySED/Burst.25E09.1Z.spec.gz,1.178
61440708281370,52.8118845,-27.5175102,22.0627617,galaxySED/Burst.25E09.1Z.spec.gz,0.778
61445472770074,52.8342002,-27.5328861,21.2720989,galaxySED/Burst.25E09.1Z.spec.gz,0.502
61443619570714,52.8966956,-27.4715941,18.9708981,galaxySED/Burst.25E09.1Z.spec.gz,0.296
61443089811482,52.8619145,-27.4682117,21.8945622,galaxySED/Burst.25E09.1Z.spec.gz,0.574
61441399369754,52.8556293,-27.4890311,19.7440266,galaxySED/Burst.25E09.1Z.spec.gz,0.338
61445528153114,52.816473,-27.5093865,20.9916004,galaxySED/Burst.25E09.1Z.spec.gz,0.34
61441532120090,52.8174311,-27.5078061,22.8298191,galaxySED/Burst.25E09.1Z.spec.gz,1.024
61446471928858,52.8354116,-27.501764,22.40173,galaxySED/Burst.25E09.1Z.spec.gz,0.92
61441802818586,52.905173,-27.5102845,21.5519489,galaxySED/Burst.25E09.1Z.spec.gz,0.756
61440790314010,52.9067735,-27.5079117,20.8818192,galaxySED/Burst.25E09.1Z.spec.gz,0.376
61441055549466,52.9092725,-27.5007961,20.9916004,galaxySED/Burst.25E09.1Z.spec.gz,0.34
61441156851738,52.8456582,-27.5475963,22.9688038,galaxySED/Burst.25E09.1Z.spec.gz,1.056
61440577943578,52.8288491,-27.4647142,19.9346871,galaxySED/Burst.25E09.1Z.spec.gz,0.302
61441050332186,52.8252025,-27.4612217,19.8589405,galaxySED/Burst.25E09.1Z.spec.gz,0.328
61442497465370,52.8993866,-27.4579976,20.6853298,galaxySED/Burst.25E09.1Z.spec.gz,0.57
61441812616218,52.8984988,-27.4642892,24.7763485,galaxySED/Burst.25E09.1Z.spec.gz,1.82
61445559065626,52.8885013,-27.4299693,21.2701687,galaxySED/Burst.25E09.1Z.spec.gz,0.736
61440088230938,52.8664163,-27.4453983,17.8301052,galaxySED/Burst.25E09.1Z.spec.gz,0.184
61451798224922,52.8848234,-27.4332751,21.4740166,galaxySED/Burst.25E09.1Z.spec.gz,0.664
61457829008410,52.9942204,-27.4563977,24.8759464,galaxySED/Burst.25E09.1Z.spec.gz,1.722
61440769425434,52.9965738,-27.4516168,17.8301052,galaxySED/Burst.25E09.1Z.spec.gz,0.184
61441659323418,52.9967653,-27.4073133,23.2495712,galaxySED/Burst.25E09.1Z.spec.gz,1.042
61441352746010,52.9909596,-27.4101597,21.5480885,galaxySED/Burst.25E09.1Z.spec.gz,0.514
61443351522330,52.9305949,-27.4561206,20.0445675,galaxySED/Burst.25E09.1Z.spec.gz,0.414
61440676311066,52.9678775,-27.4274752,21.1248345,galaxySED/Burst.25E09.1Z.spec.gz,0.53
61441703127066,52.9993341,-27.3352667,21.1875462,galaxySED/Burst.25E09.1Z.spec.gz,0.63
61441578613786,52.9770117,-27.3448594,20.9469837,galaxySED/Burst.25E09.1Z.spec.gz,0.546
61455514152986,52.9230907,-27.4101485,23.0496563,galaxySED/Burst.25E09.1Z.spec.gz,1.156
61443293258778,52.9231718,-27.4562515,19.8218788,galaxySED/Burst.25E09.1Z.spec.gz,0.196
61443009244186,52.9214865,-27.4464054,24.4729694,galaxySED/Burst.25E09.1Z.spec.gz,1.55
61456688897050,52.9214902,-27.4411324,19.3290638,galaxySED/Burst.25E09.1Z.spec.gz,0.262
61441626284058,52.925567,-27.4366172,22.3595623,galaxySED/Burst.25E09.1Z.spec.gz,0.81
61448151853082,52.9540657,-27.4015996,23.3900913,galaxySED/Burst.25E09.1Z.spec.gz,0.83
61440251054106,52.7203659,-27.3255768,17.7945542,galaxySED/Burst.25E09.1Z.spec.gz,0.202
61441665571866,52.7279782,-27.3303257,21.5295166,galaxySED/Burst.25E09.1Z.spec.gz,0.53
61456619519002,52.760062,-27.3030541,21.2275528,galaxySED/Burst.25E09.1Z.spec.gz,0.566
61457536887834,52.6753231,-27.3945756,21.8970474,galaxySED/Burst.25E09.1Z.spec.gz,0.632
61451570169882,52.7016941,-27.3709469,22.5819782,galaxySED/Burst.25E09.1Z.spec.gz,0.914
61441156839450,52.7935656,-27.334418,22.1257977,galaxySED/Burst.25E09.1Z.spec.gz,1.002
61446148293658,52.7434262,-27.3567323,21.5223736,galaxySED/Burst.25E09.1Z.spec.gz,0.6
61440502905882,52.7427605,-27.3663258,17.8301052,galaxySED/Burst.25E09.1Z.spec.gz,0.184
61448651367450,52.7472496,-27.3673795,20.3964562,galaxySED/Burst.25E09.1Z.spec.gz,0.418
61440399128602,52.7831012,-27.3777712,19.9346871,galaxySED/Burst.25E09.1Z.spec.gz,0.302
61457721715738,52.787059,-27.3601466,22.5979981,galaxySED/Burst.25E09.1Z.spec.gz,0.842
61441511241754,52.7784638,-27.3743459,18.6359333,galaxySED/Burst.25E09.1Z.spec.gz,0.24
61444391753754,52.7979589,-27.3367973,23.6972202,galaxySED/Burst.25E09.1Z.spec.gz,1.386
61442834874394,52.686642,-27.456105,19.8330349,galaxySED/Burst.25E09.1Z.spec.gz,0.324
61443572057114,52.6748446,-27.4246348,20.8818192,galaxySED/Burst.25E09.1Z.spec.gz,0.376
61456955643930,52.8098834,-27.4375165,22.7825684,galaxySED/Burst.25E09.1Z.spec.gz,1.076
61441867734042,52.8045855,-27.3926069,22.1005577,galaxySED/Burst.25E09.1Z.spec.gz,0.87
61457831557146,52.805043,-27.4207718,21.6548218,galaxySED/Burst.25E09.1Z.spec.gz,0.874
61441662946330,52.7765567,-27.4231969,23.2495712,galaxySED/Burst.25E09.1Z.spec.gz,1.042
61448080909338,52.7681072,-27.4312744,21.6605171,galaxySED/Burst.25E09.1Z.spec.gz,0.764
61446660517914,52.7682889,-27.4456185,24.2207245,galaxySED/Burst.25E09.1Z.spec.gz,1.632
61441238892570,52.7830067,-27.4306559,19.9638085,galaxySED/Burst.25E09.1Z.spec.gz,0.326
61441754956826,52.7241229,-27.4283589,23.9406551,galaxySED/Burst.25E09.1Z.spec.gz,1.426
61457272947738,52.7233355,-27.3790807,22.6385635,galaxySED/Burst.25E09.1Z.spec.gz,0.772
61454234514458,52.7558798,-27.6144129,22.3219151,galaxySED/Burst.25E09.1Z.spec.gz,0.832
61452008688666,52.7499371,-27.6241805,17.9432301,galaxySED/Burst.25E09.1Z.spec.gz,0.224
61443983690778,52.803214,-27.4815695,24.8190941,galaxySED/Burst.25E09.1Z.spec.gz,1.554
61455706080282,52.803338,-27.503756,23.8994087,galaxySED/Burst.25E09.1Z.spec.gz,1.054
61448463601690,52.7952537,-27.4958429,21.4007744,galaxySED/Burst.25E09.1Z.spec.gz,0.64
61442082699290,52.7356054,-27.5494556,22.3673576,galaxySED/Burst.25E09.1Z.spec.gz,1.044
61457569264666,52.7542123,-27.5521954,23.8590073,galaxySED/Burst.25E09.1Z.spec.gz,1.216
61457839966234,52.7503046,-27.541752,19.7052311,galaxySED/Burst.25E09.1Z.spec.gz,0.43
61452392647706,52.737289,-27.5478121,21.8826126,galaxySED/Burst.25E09.1Z.spec.gz,0.694
61457829789722,52.7913929,-27.54602,23.8053707,galaxySED/Burst.25E09.1Z.spec.gz,1.62
61440174909466,52.7631561,-27.5183376,19.4836544,galaxySED/Burst.25E09.1Z.spec.gz,0.416
61443915241498,52.7797965,-27.5152443,23.0752453,galaxySED/Burst.25E09.1Z.spec.gz,0.728
61457836471322,52.7154363,-27.5666137,22.829081,galaxySED/Burst.25E09.1Z.spec.gz,0.768
61443252756506,52.729146,-27.5597746,21.4772133,galaxySED/Burst.25E09.1Z.spec.gz,0.52
61457812347930,52.730809,-27.6085057,22.8097633,galaxySED/Burst.25E09.1Z.spec.gz,0.976
61441837573146,52.8004572,-27.5622255,18.6359333,galaxySED/Burst.25E09.1Z.spec.gz,0.24
61443691632666,52.7749445,-27.5598824,21.8945622,galaxySED/Burst.25E09.1Z.spec.gz,0.574
61444760447002,52.7764553,-27.5670334,20.7533955,galaxySED/Burst.25E09.1Z.spec.gz,0.474
61443936798746,52.7561207,-27.5834162,18.992289,galaxySED/Burst.25E09.1Z.spec.gz,0.226
61445058802714,52.7702774,-27.4717959,23.9206566,galaxySED/Burst.25E09.1Z.spec.gz,1.264
61448810223642,52.785125,-27.4736482,19.4613518,galaxySED/Burst.25E09.1Z.spec.gz,0.292
61441575117850,52.7126694,-27.4794297,21.5519489,galaxySED/Burst.25E09.1Z.spec.gz,0.756
61442078882842,52.7129482,-27.5113514,23.3627113,galaxySED/Burst.25E09.1Z.spec.gz,1.014
61440364577818,52.7234604,-27.5076612,23.3627113,galaxySED/Burst.25E09.1Z.spec.gz,1.014
61440531570714,52.7381278,-27.5078796,21.5295166,galaxySED/Burst.25E09.1Z.spec.gz,0.53
61451568878618,52.6926627,-27.5352541,23.219643,galaxySED/Burst.25E09.1Z.spec.gz,0.994
61441590203418,53.236474,-27.2512573,22.5431656,galaxySED/Burst.25E09.1Z.spec.gz,0.9
61447402203162,53.2164351,-27.2605176,21.8945622,galaxySED/Burst.25E09.1Z.spec.gz,0.574
61441994603546,53.240795,-27.2253843,23.6303505,galaxySED/Burst.25E09.1Z.spec.gz,1.468
61457819215898,53.207656,-27.2680013,22.96497,galaxySED/Burst.25E09.1Z.spec.gz,1.006
61441588394010,53.1829307,-27.2484164,19.8218788,galaxySED/Burst.25E09.1Z.spec.gz,0.196
61457838329882,53.1931569,-27.248557,22.4398388,galaxySED/Burst.25E09.1Z.spec.gz,0.72
61440248094746,53.157461,-27.2815008,17.7945542,galaxySED/Burst.25E09.1Z.spec.gz,0.202
61441467697178,53.1570751,-27.2816965,19.5672764,galaxySED/Burst.25E09.1Z.spec.gz,0.324
61456698983450,53.1387466,-27.2841728,24.7724213,galaxySED/Burst.25E09.1Z.spec.gz,1.986
61451199534106,53.1706309,-27.2544399,22.8298191,galaxySED/Burst.25E09.1Z.spec.gz,1.024
61457812385818,53.1252733,-27.2006792,24.5236057,galaxySED/Burst.25E09.1Z.spec.gz,1.5
61453815561242,53.1479458,-27.2041513,22.1257977,galaxySED/Burst.25E09.1Z.spec.gz,1.002
61442063292442,53.2044044,-27.2054019,22.0627617,galaxySED/Burst.25E09.1Z.spec.gz,0.778
61457601890330,53.098705,-27.2689133,18.16647,galaxySED/Burst.25E09.1Z.spec.gz,0.216
61457826483226,53.064,-27.290345,17.6116108,galaxySED/Burst.25E09.1Z.spec.gz,0.134
61457595151386,53.0893135,-27.2265313,19.9356827,galaxySED/Burst.25E09.1Z.spec.gz,0.494
61443341785114,53.0910719,-27.2619276,19.9638085,galaxySED/Burst.25E09.1Z.spec.gz,0.326
61442151725082,53.0635709,-27.2633438,24.02006,galaxySED/Burst.25E09.1Z.spec.gz,1.39
61443770681370,53.0626166,-27.2749687,20.3964562,galaxySED/Burst.25E09.1Z.spec.gz,0.418
61451589697562,53.083003,-27.2529091,22.498959,galaxySED/Burst.25E09.1Z.spec.gz,0.78
61443250508826,53.1490933,-27.2512574,22.9256214,galaxySED/Burst.25E09.1Z.spec.gz,1.176
61457841569818,53.164183,-27.2107632,20.4822353,galaxySED/Burst.25E09.1Z.spec.gz,0.488
61440251109402,53.1736698,-27.2130168,18.9664539,galaxySED/Burst.25E09.1Z.spec.gz,0.254
61454024980506,53.1767667,-27.2313906,20.2535271,galaxySED/Burst.25E09.1Z.spec.gz,0.398
61446148866074,53.1249392,-27.2483157,21.8945622,galaxySED/Burst.25E09.1Z.spec.gz,0.574
61451663502362,53.1385846,-27.2378416,22.3680119,galaxySED/Burst.25E09.1Z.spec.gz,0.524
61457833175066,52.8264505,-27.2911357,20.5314488,galaxySED/Burst.25E09.1Z.spec.gz,0.486
61444259816474,52.8570095,-27.2862729,19.2416367,galaxySED/Burst.25E09.1Z.spec.gz,0.23
61454495404058,52.8428566,-27.2765204,18.6359333,galaxySED/Burst.25E09.1Z.spec.gz,0.24
61440729721882,52.9001065,-27.2826207,20.1252884,galaxySED/Burst.25E09.1Z.spec.gz,0.35
61443908711450,52.9113735,-27.256579,21.592688,galaxySED/Burst.25E09.1Z.spec.gz,0.648
61450164945946,52.8758515,-27.2815641,22.3230156,galaxySED/Burst.25E09.1Z.spec.gz,0.888
61457834023962,52.8777714,-27.2450578,24.5933365,galaxySED/Burst.25E09.1Z.spec.gz,1.716
61451999054874,52.8791804,-27.2412144,24.1877617,galaxySED/Burst.25E09.1Z.spec.gz,1.12
61452833109018,53.0029807,-27.2647942,23.6303505,galaxySED/Burst.25E09.1Z.spec.gz,1.468
61441045418010,53.0078181,-27.2190634,24.0405563,galaxySED/Burst.25E09.1Z.spec.gz,1.326
61457844212762,52.9405107,-27.2821134,20.2535271,galaxySED/Burst.25E09.1Z.spec.gz,0.398
61440438830106,52.9697759,-27.2619872,19.9346871,galaxySED/Burst.25E09.1Z.spec.gz,0.302
61440307635226,52.994249,-27.1454125,22.1985306,galaxySED/Burst.25E09.1Z.spec.gz,0.84
61442048135194,52.9537971,-27.2038369,22.1163754,galaxySED/Burst.25E09.1Z.spec.gz,0.846
61440566337562,52.9523526,-27.1839554,21.1497387,galaxySED/Burst.25E09.1Z.spec.gz,0.536
61444516973594,52.9787299,-27.1923777,20.7353272,galaxySED/Burst.25E09.1Z.spec.gz,0.35
61456719654938,52.9655989,-27.1663852,19.9638085,galaxySED/Burst.25E09.1Z.spec.gz,0.326
61446839151642,52.9794199,-27.1688175,23.5848412,galaxySED/Burst.25E09.1Z.spec.gz,2.194
61442915884058,52.9882443,-27.2216524,21.6605171,galaxySED/Burst.25E09.1Z.spec.gz,0.764
61440129783834,52.944955,-27.2634159,19.5672764,galaxySED/Burst.25E09.1Z.spec.gz,0.324
61443903959066,52.9473025,-27.2550098,21.2701687,galaxySED/Burst.25E09.1Z.spec.gz,0.736
61453670506522,52.9211848,-27.2492442,22.8521313,galaxySED/Burst.25E09.1Z.spec.gz,1.178
61457645820954,52.933617,-27.2522463,22.9048599,galaxySED/Burst.25E09.1Z.spec.gz,1.11
61457831423002,52.9204443,-27.26965,22.8298191,galaxySED/Burst.25E09.1Z.spec.gz,1.024
61448062137370,52.9614052,-27.2193851,23.2495712,galaxySED/Burst.25E09.1Z.spec.gz,1.042
61453790856218,53.0504336,-27.1678101,22.7933716,galaxySED/Burst.25E09.1Z.spec.gz,0.808
61441920452634,53.0348166,-27.1803182,18.992289,galaxySED/Burst.25E09.1Z.spec.gz,0.226
61442956845082,53.0693472,-27.1462799,16.4843611,galaxySED/Burst.25E09.1Z.spec.gz,0.1
61440963788826,53.0178821,-27.2618588,20.1296524,galaxySED/Burst.25E09.1Z.spec.gz,0.444
61444393357338,53.035644,-27.2696913,23.161734,galaxySED/Burst.25E09.1Z.spec.gz,1.026
61457824461850,53.0981513,-27.2091342,22.371798,galaxySED/Burst.25E09.1Z.spec.gz,0.922
61440341151770,53.0123239,-27.222803,20.8818192,galaxySED/Burst.25E09.1Z.spec.gz,0.376
61441163355162,53.0165251,-27.2166636,19.5625118,galaxySED/Burst.25E09.1Z.spec.gz,0.252
61440339914778,53.0196724,-27.2287474,20.8818192,galaxySED/Burst.25E09.1Z.spec.gz,0.376
61457837746202,53.0593111,-27.2109843,22.3595623,galaxySED/Burst.25E09.1Z.spec.gz,0.81
61452399002650,53.0580171,-27.2215399,24.7413506,galaxySED/Burst.25E09.1Z.spec.gz,1.944
61457825592346,53.0346596,-27.24803,23.8794083,galaxySED/Burst.25E09.1Z.spec.gz,1.712
61440572865562,53.0317471,-27.2418245,18.9664539,galaxySED/Burst.25E09.1Z.spec.gz,0.254
61451694106650,53.0435434,-27.2300966,24.4451546,galaxySED/Burst.25E09.1Z.spec.gz,1.536
61440985317402,53.1447021,-27.1657522,17.7945542,galaxySED/Burst.25E09.1Z.spec.gz,0.202
61445019606042,53.106321,-27.2024036,22.1163754,galaxySED/Burst.25E09.1Z.spec.gz,0.846
61443341784090,53.078541,-27.1552313,21.4740166,galaxySED/Burst.25E09.1Z.spec.gz,0.664
61441261042714,53.0306243,-27.1951732,23.2627262,galaxySED/Burst.25E09.1Z.spec.gz,0.978
61447828637722,53.0599309,-27.1729207,22.9570526,galaxySED/Burst.25E09.1Z.spec.gz,1.25
61448467759130,53.0387655,-27.1979419,21.4313969,galaxySED/Burst.25E09.1Z.spec.gz,0.562
61443568343066,53.0867785,-27.1694916,22.96497,galaxySED/Burst.25E09.1Z.spec.gz,1.006
61442132870170,53.0938177,-27.1686448,21.8945622,galaxySED/Burst.25E09.1Z.spec.gz,0.574
61454446630938,52.7959133,-27.2669323,23.2627262,galaxySED/Burst.25E09.1Z.spec.gz,0.978
61440157774874,52.7525263,-27.2739541,19.9346871,galaxySED/Burst.25E09.1Z.spec.gz,0.302
61453477802010,52.7698702,-27.2855267,21.1248345,galaxySED/Burst.25E09.1Z.spec.gz,0.53
61442549733402,52.7816677,-27.2730747,20.1296524,galaxySED/Burst.25E09.1Z.spec.gz,0.444
61441320563738,52.7943601,-27.2511036,21.9833683,galaxySED/Burst.25E09.1Z.spec.gz,0.796
61440366955546,52.7227877,-27.282016,23.2627262,galaxySED/Burst.25E09.1Z.spec.gz,0.978
61442190233626,52.7755349,-27.2296074,22.87299,galaxySED/Burst.25E09.1Z.spec.gz,0.822
61441173229594,52.7879214,-27.2245371,20.1296524,galaxySED/Burst.25E09.1Z.spec.gz,0.444
61441962444826,52.8224731,-27.2813908,20.0580982,galaxySED/Burst.25E09.1Z.spec.gz,0.296
61457839131674,52.8137947,-27.252341,24.9167122,galaxySED/Burst.25E09.1Z.spec.gz,1.408
61440095752218,52.8530026,-27.2307548,19.5672764,galaxySED/Burst.25E09.1Z.spec.gz,0.324
61440625907738,52.9695561,-27.1450159,20.9237026,galaxySED/Burst.25E09.1Z.spec.gz,0.47
61444500235290,52.962148,-27.1448158,22.1646637,galaxySED/Burst.25E09.1Z.spec.gz,0.744
61442806810650,52.9560489,-27.1537002,19.8218788,galaxySED/Burst.25E09.1Z.spec.gz,0.196
61457822709786,52.8176539,-27.1969271,24.3164715,galaxySED/Burst.25E09.1Z.spec.gz,1.514
61441421581338,52.8293685,-27.188041,21.8422169,galaxySED/Burst.25E09.1Z.spec.gz,0.636
61441280912410,52.895823,-27.1574386,19.5914616,galaxySED/Burst.25E09.1Z.spec.gz,0.436
61453597000730,52.8328422,-27.2005795,22.3219151,galaxySED/Burst.25E09.1Z.spec.gz,0.832
61440219958298,52.9035251,-27.1818063,21.0792851,galaxySED/Burst.25E09.1Z.spec.gz,0.322
61448900041754,52.8835646,-27.1825825,18.5523209,galaxySED/Burst.25E09.1Z.spec.gz,0.194
61443592753178,52.8724604,-27.171153,23.3810715,galaxySED/Burst.25E09.1Z.spec.gz,1.248
61441659872282,52.8840928,-27.1673441,23.0854973,galaxySED/Burst.25E09.1Z.spec.gz,1.128
