objId,ra,dec,mag,sed_name,redshift
614571936912588828,53.2178953,-27.2872275,28.5034627,agnSED/agn.spec.gz,1.58
614571936912589852,53.2183153,-27.2869723,28.3339896,agnSED/agn.spec.gz,1.58
614401288335585308,53.2487015,-27.2700271,25.5138682,agnSED/agn.spec.gz,0.49
614401288335586332,53.2483417,-27.269882,27.7559115,agnSED/agn.spec.gz,0.49
614406406739234844,53.262718,-27.2632034,25.746077,agnSED/agn.spec.gz,1.1
614406406739235868,53.2625803,-27.263115,23.5836214,agnSED/agn.spec.gz,1.1
614487825346732060,53.2642953,-27.2851424,34.71212,agnSED/agn.spec.gz,4.39
614487825346733084,53.263899,-27.2848354,34.3084844,agnSED/agn.spec.gz,4.39
614531172321910812,53.2628788,-27.2775539,23.7126448,agnSED/agn.spec.gz,1.07
614531172321911836,53.2623463,-27.277405,22.9667134,agnSED/agn.spec.gz,1.07
614578024993959964,53.1975482,-27.655214,30.7790674,agnSED/agn.spec.gz,2.21
614578024993960988,53.1977297,-27.6550769,30.7271992,agnSED/agn.spec.gz,2.21
614484516424777756,53.18158,-27.6720692,21.9932896,agnSED/agn.spec.gz,1.06
614484516424778780,53.1813747,-27.6720825,23.7564917,agnSED/agn.spec.gz,1.06
614407655457165340,53.2072677,-27.2962061,29.3137106,agnSED/agn.spec.gz,1.76
614407655457166364,53.2071271,-27.2962083,31.3807458,agnSED/agn.spec.gz,1.76
614417623235719196,53.2009097,-27.3138348,25.9881156,agnSED/agn.spec.gz,1.04
614417623235720220,53.2011578,-27.3138071,25.7368579,agnSED/agn.spec.gz,1.04
614402488268927004,53.1918517,-27.3254269,27.6050379,agnSED/agn.spec.gz,0.62
614402488268928028,53.1924619,-27.3251377,26.956784,agnSED/agn.spec.gz,0.62
614402488268929052,53.1924866,-27.3248237,26.8691245,agnSED/agn.spec.gz,0.62
614402488268930076,53.191918,-27.3247288,27.953244,agnSED/agn.spec.gz,0.62
614405008077017116,53.1305496,-27.3798693,28.5024594,agnSED/agn.spec.gz,2.0
614405008077018140,53.1301859,-27.379676,28.7964632,agnSED/agn.spec.gz,2.0
614482076519895068,53.1341099,-27.3704686,29.3530368,agnSED/agn.spec.gz,2.07
614482076519896092,53.1338116,-27.3701521,30.6425871,agnSED/agn.spec.gz,2.07
614420927705030684,53.1890627,-27.3822328,25.4053576,agnSED/agn.spec.gz,2.0
614420927705031708,53.1888817,-27.3821268,25.7449478,agnSED/agn.spec.gz,2.0
614420927705032732,53.1891429,-27.3820475,25.8372434,agnSED/agn.spec.gz,2.0
614420927705033756,53.1889436,-27.3819212,25.5395623,agnSED/agn.spec.gz,2.0
614456326012170268,53.1921397,-27.3765609,26.8264515,agnSED/agn.spec.gz,3.73
614456326012171292,53.191916,-27.3765108,25.1086324,agnSED/agn.spec.gz,3.73
614456326012172316,53.1921337,-27.3762966,25.9148774,agnSED/agn.spec.gz,3.73
614456326012173340,53.1919187,-27.3764134,25.4771495,agnSED/agn.spec.gz,3.73
614417223426351132,53.2028467,-27.3738453,28.3747357,agnSED/agn.spec.gz,1.84
614417223426352156,53.2026807,-27.3735351,29.7345978,agnSED/agn.spec.gz,1.84
614442099169304604,53.1838664,-27.3794493,26.2877711,agnSED/agn.spec.gz,0.74
614442099169305628,53.1832899,-27.3789196,24.6734765,agnSED/agn.spec.gz,0.74
614442482228723740,53.1850821,-27.3752599,29.6492001,agnSED/agn.spec.gz,2.02
614442482228724764,53.184938,-27.3751688,29.0854909,agnSED/agn.spec.gz,2.02
614578336381415452,53.1969834,-27.3623492,28.8479587,agnSED/agn.spec.gz,1.96
614578336381416476,53.1971821,-27.3623477,29.5950606,agnSED/agn.spec.gz,1.96
614578336381417500,53.1971729,-27.3621896,28.3393234,agnSED/agn.spec.gz,1.96
614578336381418524,53.1970779,-27.3621787,28.5757439,agnSED/agn.spec.gz,1.96
614501388104364060,53.1932482,-27.364775,31.0145386,agnSED/agn.spec.gz,3.61
614501388104365084,53.192895,-27.3644621,29.1586491,agnSED/agn.spec.gz,3.61
614501388104366108,53.193165,-27.3643543,31.3263484,agnSED/agn.spec.gz,3.61
614501388104367132,53.1929036,-27.3644068,28.9431478,agnSED/agn.spec.gz,3.61
614407677903212572,53.0150337,-27.4682698,29.1436717,agnSED/agn.spec.gz,1.93
614407677903213596,53.0149484,-27.4679686,30.0588565,agnSED/agn.spec.gz,1.93
614410312235581468,53.0399475,-27.4563974,26.5231295,agnSED/agn.spec.gz,1.8
614410312235582492,53.0396426,-27.456373,28.2862878,agnSED/agn.spec.gz,1.8
614410312235583516,53.039831,-27.4566203,25.0026258,agnSED/agn.spec.gz,1.8
614410312235584540,53.0398733,-27.4565913,24.9480161,agnSED/agn.spec.gz,1.8
614577900473200668,53.1041781,-27.4651095,27.5526637,agnSED/agn.spec.gz,3.07
614577900473201692,53.1048249,-27.4651252,29.388874,agnSED/agn.spec.gz,3.07
614409998664839196,53.0994886,-27.4359418,27.6349319,agnSED/agn.spec.gz,1.04
614409998664840220,53.0997367,-27.4359141,27.6927123,agnSED/agn.spec.gz,1.04
614421318513856540,53.087989,-27.4474126,27.9694612,agnSED/agn.spec.gz,1.03
614421318513857564,53.0880638,-27.4472584,28.4402305,agnSED/agn.spec.gz,1.03
614434742838743068,53.0815773,-27.4591955,27.5822771,agnSED/agn.spec.gz,5.49
614434742838744092,53.0821493,-27.4592168,27.3022415,agnSED/agn.spec.gz,5.49
614434742838745116,53.0816168,-27.4585647,27.6715349,agnSED/agn.spec.gz,5.49
614434742838746140,53.0822466,-27.4586841,27.5290504,agnSED/agn.spec.gz,5.49
614401556418932764,53.071393,-27.4461579,26.391429,agnSED/agn.spec.gz,0.61
614401556418933788,53.071477,-27.4458105,28.3223772,agnSED/agn.spec.gz,0.61
614561051556130844,53.2045732,-27.4100539,23.1214161,agnSED/agn.spec.gz,1.49
614561051556131868,53.2048837,-27.4100412,24.1685028,agnSED/agn.spec.gz,1.49
614442656351014940,53.1305527,-27.4587657,28.1850361,agnSED/agn.spec.gz,3.01
614442656351015964,53.1310163,-27.4587837,28.1005644,agnSED/agn.spec.gz,3.01
614498033962999836,53.1486103,-27.461366,28.7292501,agnSED/agn.spec.gz,2.57
614498033963000860,53.1480384,-27.461193,28.0051554,agnSED/agn.spec.gz,2.57
614489609810464796,53.1910052,-27.433346,28.1306088,agnSED/agn.spec.gz,1.16
614489609810465820,53.1907728,-27.4330184,26.8808356,agnSED/agn.spec.gz,1.16
614402050949218332,53.1417806,-27.4339684,25.5780723,agnSED/agn.spec.gz,0.48
614402050949219356,53.1412971,-27.4335783,28.0438787,agnSED/agn.spec.gz,0.48
614578380954218524,53.1094366,-27.4302781,29.234239,agnSED/agn.spec.gz,2.86
614578380954219548,53.1098562,-27.4304873,30.0348447,agnSED/agn.spec.gz,2.86
614483837205147676,53.1651745,-27.396258,30.6383712,agnSED/agn.spec.gz,2.6
614483837205148700,53.1649646,-27.3960529,30.2717779,agnSED/agn.spec.gz,2.6
614467091304398876,53.1628415,-27.3904378,28.8853993,agnSED/agn.spec.gz,1.52
614467091304399900,53.1626003,-27.3903736,27.2387402,agnSED/agn.spec.gz,1.52
614521225310351388,53.181507,-27.3905815,25.9249311,agnSED/agn.spec.gz,1.51
614521225310352412,53.1812947,-27.3903296,25.5519789,agnSED/agn.spec.gz,1.51
614521225310353436,53.1816946,-27.3902885,25.2816271,agnSED/agn.spec.gz,1.51
614521225310354460,53.1815033,-27.3901145,25.4300095,agnSED/agn.spec.gz,1.51
614506573008343068,53.1252469,-27.4228378,29.2956296,agnSED/agn.spec.gz,5.49
614506573008344092,53.1258189,-27.4228592,28.9989757,agnSED/agn.spec.gz,5.49
614506573008345116,53.1252864,-27.422207,29.3972758,agnSED/agn.spec.gz,5.49
614506573008346140,53.1259162,-27.4223264,28.9776876,agnSED/agn.spec.gz,5.49
614578283848429596,52.8932778,-27.6428104,30.3557909,agnSED/agn.spec.gz,2.12
614578283848430620,52.8931661,-27.6425057,29.3039333,agnSED/agn.spec.gz,2.12
614428996108410908,52.8820381,-27.6426998,29.9854107,agnSED/agn.spec.gz,2.34
614428996108411932,52.8822349,-27.6425717,30.0424469,agnSED/agn.spec.gz,2.34
614453589146030108,52.8746993,-27.6428402,27.6234946,agnSED/agn.spec.gz,3.42
614453589146031132,52.8746981,-27.6425058,28.4740917,agnSED/agn.spec.gz,3.42
614454184530063388,52.8866827,-27.635349,27.3718179,agnSED/agn.spec.gz,1.36
614454184530064412,52.886422,-27.6360751,26.7809652,agnSED/agn.spec.gz,1.36
614404784149512220,52.8788841,-27.5968408,28.4460437,agnSED/agn.spec.gz,0.89
614404784149513244,52.8789604,-27.5966763,28.0279781,agnSED/agn.spec.gz,0.89
614420719933956124,52.8863618,-27.5940471,26.4878007,agnSED/agn.spec.gz,0.91
614420719933957148,52.8865856,-27.5940415,27.3324412,agnSED/agn.spec.gz,0.91
614461903411839004,52.8939395,-27.602478,32.5560088,agnSED/agn.spec.gz,3.29
614461903411840028,52.8935579,-27.6021288,30.0607162,agnSED/agn.spec.gz,3.29
614551138091712540,52.8606792,-27.6050511,25.5620925,agnSED/agn.spec.gz,4.07
614551138091713564,52.8608166,-27.6049521,27.4261833,agnSED/agn.spec.gz,4.07
614411208776196124,52.8743572,-27.6300021,26.7419756,agnSED/agn.spec.gz,0.91
614411208776197148,52.874581,-27.6299966,27.9741209,agnSED/agn.spec.gz,0.91
614486691362152476,52.8821983,-27.6206604,28.5898972,agnSED/agn.spec.gz,3.14
614486691362153500,52.8821135,-27.6204991,30.447031,agnSED/agn.spec.gz,3.14
614577712497864732,52.9981323,-27.6127205,23.7771426,agnSED/agn.spec.gz,1.86
614577712497865756,52.9979863,-27.613144,25.4673631,agnSED/agn.spec.gz,1.86
614555607635529756,52.9804357,-27.595942,25.3924709,agnSED/agn.spec.gz,3.32
614555607635530780,52.9800211,-27.5956132,26.1513943,agnSED/agn.spec.gz,3.32
614476910858588188,53.0011213,-27.5938631,21.3236582,agnSED/agn.spec.gz,1.15
614476910858589212,53.0013427,-27.5936192,23.5966009,agnSED/agn.spec.gz,1.15
614487992517910556,52.9872493,-27.5830357,28.0130759,agnSED/agn.spec.gz,4.21
614487992517911580,52.987134,-27.5829558,28.5897581,agnSED/agn.spec.gz,4.21
614487992517912604,52.9873304,-27.5828914,28.7829822,agnSED/agn.spec.gz,4.21
614487992517913628,52.9871862,-27.5827908,28.1202038,agnSED/agn.spec.gz,4.21
614435727576793116,52.9927138,-27.5861262,21.8567895,agnSED/agn.spec.gz,2.92
614435727576794140,52.9927798,-27.5857238,20.0751436,agnSED/agn.spec.gz,2.92
614403289569378332,52.9530224,-27.6173361,23.4018128,agnSED/agn.spec.gz,0.48
614403289569379356,52.9525389,-27.6169461,24.9384468,agnSED/agn.spec.gz,0.48
614403789803823132,52.9484573,-27.6295988,25.5596187,agnSED/agn.spec.gz,0.66
614403789803824156,52.9487224,-27.6294769,24.9866061,agnSED/agn.spec.gz,0.66
614407651820277788,52.9699231,-27.511634,27.1672261,agnSED/agn.spec.gz,1.76
614407651820278812,52.9698695,-27.5112257,28.3375762,agnSED/agn.spec.gz,1.76
614455298449076252,52.986627,-27.503836,26.7484185,agnSED/agn.spec.gz,1.19
614455298449077276,52.9867785,-27.5035028,29.0385656,agnSED/agn.spec.gz,1.19
614549454083502108,52.987095,-27.4915553,31.3371749,agnSED/agn.spec.gz,4.49
614549454083503132,52.9868641,-27.4915113,32.6529729,agnSED/agn.spec.gz,4.49
614549454083504156,52.9870479,-27.4913968,31.8916687,agnSED/agn.spec.gz,4.49
614549454083505180,52.987049,-27.4916313,31.4641026,agnSED/agn.spec.gz,4.49
614437887365636124,52.9490273,-27.5234243,27.5524225,agnSED/agn.spec.gz,0.91
614437887365637148,52.9492511,-27.5234187,28.6989493,agnSED/agn.spec.gz,0.91
614476908779896860,52.940286,-27.5425535,26.0845221,agnSED/agn.spec.gz,1.18
614476908779897884,52.9403133,-27.5420249,25.7151074,agnSED/agn.spec.gz,1.18
614540124478324764,52.9462368,-27.5389174,27.5729507,agnSED/agn.spec.gz,1.49
614540124478325788,52.945813,-27.5385906,27.7105285,agnSED/agn.spec.gz,1.49
614540124478326812,52.9465321,-27.5383566,28.8009786,agnSED/agn.spec.gz,1.49
614540124478327836,52.9459105,-27.5380835,27.6512951,agnSED/agn.spec.gz,1.49
614563796605640732,52.9961437,-27.5547244,26.3095522,agnSED/agn.spec.gz,2.34
614563796605641756,52.9958472,-27.5546213,27.1193192,agnSED/agn.spec.gz,2.34
614448303813152796,53.0031572,-27.5329508,26.2199913,agnSED/agn.spec.gz,1.6
614448303813153820,53.0031109,-27.5327095,28.7101894,agnSED/agn.spec.gz,1.6
614402076365324316,52.9723353,-27.5495486,25.1385513,agnSED/agn.spec.gz,0.62
614402076365325340,52.9723645,-27.5493161,25.7594318,agnSED/agn.spec.gz,0.62
614409529499054108,52.989882,-27.5172796,29.468614,agnSED/agn.spec.gz,1.92
614409529499055132,52.9903696,-27.5169932,28.4562543,agnSED/agn.spec.gz,1.92
614476780196139036,52.9893958,-27.5248721,25.6889664,agnSED/agn.spec.gz,1.14
614476780196140060,52.9897032,-27.5248599,26.3209115,agnSED/agn.spec.gz,1.14
614565098815688732,52.9771233,-27.584385,27.8804161,agnSED/agn.spec.gz,1.96
614565098815689756,52.9769934,-27.5842825,27.6841999,agnSED/agn.spec.gz,1.96
614465112689045532,52.9811511,-27.5723539,29.2431882,agnSED/agn.spec.gz,1.18
614465112689046556,52.9813338,-27.5723295,27.4387649,agnSED/agn.spec.gz,1.18
614544977203548188,52.9132434,-27.5653642,26.273435,agnSED/agn.spec.gz,1.15
614544977203549212,52.9134648,-27.5651204,28.1685162,agnSED/agn.spec.gz,1.15
614470307065126940,52.9362313,-27.5656539,30.6693594,agnSED/agn.spec.gz,3.03
614470307065127964,52.9359154,-27.565548,30.5364792,agnSED/agn.spec.gz,3.03
614470307065128988,52.9359234,-27.5653681,29.4365096,agnSED/agn.spec.gz,3.03
614470307065130012,52.9361016,-27.5653501,30.4701138,agnSED/agn.spec.gz,3.03
614578310648840220,52.9429162,-27.5691287,27.2737903,agnSED/agn.spec.gz,2.09
614578310648841244,52.9427765,-27.5690429,27.6557978,agnSED/agn.spec.gz,2.09
614578185943212060,52.928284,-27.5773594,30.227552,agnSED/agn.spec.gz,4.39
614578185943213084,52.9278876,-27.5770525,29.9639082,agnSED/agn.spec.gz,4.39
614411686410657820,52.9419343,-27.6134411,28.6748634,agnSED/agn.spec.gz,2.57
614411686410658844,52.9421245,-27.6131924,30.4258104,agnSED/agn.spec.gz,2.57
614560614728171548,52.9389086,-27.6126112,27.765798,agnSED/agn.spec.gz,2.5
614560614728172572,52.9381354,-27.6123584,27.0342701,agnSED/agn.spec.gz,2.5
614464202455277596,52.9294321,-27.6119234,25.7791416,agnSED/agn.spec.gz,1.37
614464202455278620,52.9294109,-27.6114106,28.4722052,agnSED/agn.spec.gz,1.37
614578453679923228,52.9376178,-27.5839282,28.8307345,agnSED/agn.spec.gz,3.37
614578453679924252,52.9377284,-27.5841887,30.922113,agnSED/agn.spec.gz,3.37
614403076332998684,53.1946304,-27.6127564,28.7815819,agnSED/agn.spec.gz,1.65
614403076332999708,53.1944987,-27.6130186,30.5888582,agnSED/agn.spec.gz,1.65
614403688089698332,53.1893726,-27.6232693,22.0952462,agnSED/agn.spec.gz,0.48
614403688089699356,53.1888891,-27.6228793,24.4772183,agnSED/agn.spec.gz,0.48
614452050310234140,53.1988229,-27.6159207,30.1647586,agnSED/agn.spec.gz,2.5
614452050310235164,53.1988603,-27.6157129,29.9525265,agnSED/agn.spec.gz,2.5
614498547386712092,53.1905972,-27.6298024,23.4237413,agnSED/agn.spec.gz,2.54
614498547386713116,53.1906296,-27.6294042,22.9558957,agnSED/agn.spec.gz,2.54
614476948994052124,53.1795917,-27.5877367,24.88169,agnSED/agn.spec.gz,1.24
614476948994053148,53.1794467,-27.5874388,24.2991069,agnSED/agn.spec.gz,1.24
614423687732543516,53.1858526,-27.5875466,32.0352396,agnSED/agn.spec.gz,1.57
614423687732544540,53.1858289,-27.5872061,30.1085243,agnSED/agn.spec.gz,1.57
614578266000838684,53.1873354,-27.583355,28.0674391,agnSED/agn.spec.gz,1.65
614578266000839708,53.1872036,-27.5836172,30.563878,agnSED/agn.spec.gz,1.65
614413952512024604,53.1858897,-27.5905886,27.6915386,agnSED/agn.spec.gz,0.74
614413952512025628,53.1853132,-27.590059,26.0641383,agnSED/agn.spec.gz,0.74
614424978914480156,53.1395982,-27.6391937,27.6907968,agnSED/agn.spec.gz,0.87
614424978914481180,53.1399272,-27.6390783,28.8899818,agnSED/agn.spec.gz,0.87
614409433848733724,53.2057476,-27.4841386,28.0985642,agnSED/agn.spec.gz,1.89
614409433848734748,53.2057294,-27.4843296,29.6356759,agnSED/agn.spec.gz,1.89
614403279083954204,53.2066348,-27.5233713,25.3264576,agnSED/agn.spec.gz,0.55
614403279083955228,53.2064609,-27.523281,25.0767368,agnSED/agn.spec.gz,0.55
614463895715983388,53.1659125,-27.52272,29.5676592,agnSED/agn.spec.gz,1.36
614463895715984412,53.1656518,-27.523446,27.0032837,agnSED/agn.spec.gz,1.36
614501366408249372,53.0159783,-27.6412402,30.5330635,agnSED/agn.spec.gz,3.41
614501366408250396,53.0157415,-27.6411863,31.1012786,agnSED/agn.spec.gz,3.41
614501366408251420,53.0158846,-27.6414448,30.572665,agnSED/agn.spec.gz,3.41
614501366408252444,53.0157117,-27.6414261,30.359012,agnSED/agn.spec.gz,3.41
614406975038746652,53.0305039,-27.6435832,30.157119,agnSED/agn.spec.gz,1.73
614406975038747676,53.030323,-27.6434955,31.5755266,agnSED/agn.spec.gz,1.73
614437793629601820,53.0376127,-27.6423601,30.0112059,agnSED/agn.spec.gz,3.32
614437793629602844,53.0378754,-27.6421189,31.4766307,agnSED/agn.spec.gz,3.32
614545411237953564,53.085361,-27.6432124,30.715792,agnSED/agn.spec.gz,4.22
614545411237954588,53.0853826,-27.6429181,31.7401899,agnSED/agn.spec.gz,4.22
614445408871223324,53.0916761,-27.6410366,29.3753147,agnSED/agn.spec.gz,3.51
614445408871224348,53.0920073,-27.6408635,28.5601773,agnSED/agn.spec.gz,3.51
614420833825468444,53.0963197,-27.614144,26.6547551,agnSED/agn.spec.gz,1.92
614420833825469468,53.0965099,-27.6140057,27.143129,agnSED/agn.spec.gz,1.92
614420833825470492,53.0961794,-27.6139774,26.777852,agnSED/agn.spec.gz,1.92
614420833825471516,53.0963403,-27.6138044,26.9002275,agnSED/agn.spec.gz,1.92
614475026647318556,53.0913438,-27.6255372,25.6908309,agnSED/agn.spec.gz,1.35
614475026647319580,53.0908043,-27.6253673,26.1230663,agnSED/agn.spec.gz,1.35
614424386396676124,53.0986256,-27.5678734,25.9754601,agnSED/agn.spec.gz,0.91
614424386396677148,53.0988494,-27.5678678,27.1474396,agnSED/agn.spec.gz,0.91
614433246005940252,53.0988592,-27.5668291,24.5751099,agnSED/agn.spec.gz,1.71
614433246005941276,53.0989464,-27.5670033,25.2152751,agnSED/agn.spec.gz,1.71
614425698450530332,53.0652523,-27.5954286,30.0571401,agnSED/agn.spec.gz,2.52
614425698450531356,53.0651678,-27.595236,28.0356491,agnSED/agn.spec.gz,2.52
614427851725021212,53.0907479,-27.6111806,28.8585736,agnSED/agn.spec.gz,1.26
614427851725022236,53.0900757,-27.6112333,32.029454,agnSED/agn.spec.gz,1.26
614441771009376284,53.058483,-27.6080033,29.2576723,agnSED/agn.spec.gz,0.9
614441771009377308,53.0584286,-27.6077875,29.3466311,agnSED/agn.spec.gz,0.9
614417180643745820,53.0603627,-27.630529,28.5181357,agnSED/agn.spec.gz,1.81
614417180643746844,53.0605659,-27.630344,26.9452104,agnSED/agn.spec.gz,1.81
614418375713017884,53.1101058,-27.5593944,21.8991247,agnSED/agn.spec.gz,1.3
614418375713018908,53.1103587,-27.5593979,21.2027081,agnSED/agn.spec.gz,1.3
614418375713019932,53.1103297,-27.5592031,21.2620728,agnSED/agn.spec.gz,1.3
614418375713020956,53.1101298,-27.5591514,21.1798793,agnSED/agn.spec.gz,1.3
614458574172794908,53.1374662,-27.5589014,19.7317301,agnSED/agn.spec.gz,0.86
614458574172795932,53.1368578,-27.5588177,19.2840782,agnSED/agn.spec.gz,0.86
614458574172796956,53.1373558,-27.5584214,17.6199368,agnSED/agn.spec.gz,0.86
614458574172797980,53.1374462,-27.5584582,17.4853578,agnSED/agn.spec.gz,0.86
614429712456036380,53.1281284,-27.5629124,24.7867958,agnSED/agn.spec.gz,0.82
614429712456037404,53.1282633,-27.562964,26.6229577,agnSED/agn.spec.gz,0.82
614574652869214236,53.1081816,-27.6293093,27.6520945,agnSED/agn.spec.gz,1.89
614574652869215260,53.1082459,-27.6291468,24.3805278,agnSED/agn.spec.gz,1.89
614481577627263004,53.1201471,-27.6065794,27.5609866,agnSED/agn.spec.gz,2.77
614481577627264028,53.1205331,-27.6063964,27.3931468,agnSED/agn.spec.gz,2.77
614481577627265052,53.1199585,-27.6063339,27.0575124,agnSED/agn.spec.gz,2.77
614481577627266076,53.1201938,-27.6060982,28.0173363,agnSED/agn.spec.gz,2.77
614401355940356124,53.0243857,-27.6235267,25.6168945,agnSED/agn.spec.gz,0.91
614401355940357148,53.0246094,-27.6235212,26.6910618,agnSED/agn.spec.gz,0.91
614409946502909980,53.0207931,-27.6174978,31.4015391,agnSED/agn.spec.gz,1.72
614409946502911004,53.0211048,-27.6172242,31.9552516,agnSED/agn.spec.gz,1.72
614409946502912028,53.020752,-27.6170934,30.341482,agnSED/agn.spec.gz,1.72
614409946502913052,53.0208151,-27.6170171,30.0795499,agnSED/agn.spec.gz,1.72
614430592368664604,53.091042,-27.5658449,26.6748599,agnSED/agn.spec.gz,0.74
614430592368665628,53.0904656,-27.5653152,24.6554915,agnSED/agn.spec.gz,0.74
614418247599177756,53.077708,-27.5583306,27.6509079,agnSED/agn.spec.gz,1.06
614418247599178780,53.0775027,-27.5583439,29.110566,agnSED/agn.spec.gz,1.06
614577041358741532,53.0721197,-27.5815279,28.9075213,agnSED/agn.spec.gz,2.01
614577041358742556,53.071785,-27.5814548,27.9709061,agnSED/agn.spec.gz,2.01
614454845964754972,53.0633442,-27.5845841,24.7756813,agnSED/agn.spec.gz,1.85
614454845964755996,53.0634799,-27.5844579,24.7929879,agnSED/agn.spec.gz,1.85
614454845964757020,53.0631259,-27.5843319,26.7323252,agnSED/agn.spec.gz,1.85
614454845964758044,53.0634731,-27.5841894,25.4557379,agnSED/agn.spec.gz,1.85
614532378951839772,53.0666708,-27.5829195,28.2796066,agnSED/agn.spec.gz,1.16
614532378951840796,53.0658179,-27.5823687,26.9821316,agnSED/agn.spec.gz,1.16
614525977405788188,53.0610357,-27.5894256,22.2188872,agnSED/agn.spec.gz,1.15
614525977405789212,53.0612571,-27.5891818,24.5102961,agnSED/agn.spec.gz,1.15
614509388534865948,53.0796836,-27.5655601,28.8055723,agnSED/agn.spec.gz,2.26
614509388534866972,53.079367,-27.5646356,27.4245201,agnSED/agn.spec.gz,2.26
614419565949095964,53.0149351,-27.5617374,23.2288208,agnSED/agn.spec.gz,1.6
614419565949096988,53.0153384,-27.5616417,25.126153,agnSED/agn.spec.gz,1.6
614436065620434972,53.0403572,-27.6007852,27.6083425,agnSED/agn.spec.gz,1.85
614436065620435996,53.0404929,-27.600659,27.7210607,agnSED/agn.spec.gz,1.85
614436065620437020,53.0401389,-27.600533,29.276169,agnSED/agn.spec.gz,1.85
614436065620438044,53.0404861,-27.6003905,28.0668336,agnSED/agn.spec.gz,1.85
614578298074415132,53.0413802,-27.595286,28.3789133,agnSED/agn.spec.gz,4.68
614578298074416156,53.0415163,-27.5954128,27.9975491,agnSED/agn.spec.gz,4.68
614426460048519196,53.0456675,-27.5869541,26.9755249,agnSED/agn.spec.gz,1.04
614426460048520220,53.0459155,-27.5869264,27.0002186,agnSED/agn.spec.gz,1.04
614544080889049116,53.1983004,-27.4772374,28.9228464,agnSED/agn.spec.gz,4.42
614544080889050140,53.1981669,-27.4771112,27.2425987,agnSED/agn.spec.gz,4.42
614544080889051164,53.1983432,-27.4770422,28.0385866,agnSED/agn.spec.gz,4.42
614544080889052188,53.1981521,-27.477171,27.0983502,agnSED/agn.spec.gz,4.42
614437746044944412,53.1626143,-27.5094941,28.1517813,agnSED/agn.spec.gz,3.19
614437746044945436,53.1631666,-27.5093677,28.5743765,agnSED/agn.spec.gz,3.19
614437746044946460,53.1629347,-27.5088683,28.198135,agnSED/agn.spec.gz,3.19
614437746044947484,53.1625457,-27.5091084,27.9992103,agnSED/agn.spec.gz,3.19
614408532276867100,53.1700298,-27.493664,26.0550246,agnSED/agn.spec.gz,1.15
614408532276868124,53.1699838,-27.4934176,27.7366707,agnSED/agn.spec.gz,1.15
614578445694423068,53.1113916,-27.4820745,30.6078932,agnSED/agn.spec.gz,5.49
614578445694424092,53.1119636,-27.4820958,30.1644697,agnSED/agn.spec.gz,5.49
614578445694425116,53.111431,-27.4814437,31.1630118,agnSED/agn.spec.gz,5.49
614578445694426140,53.1120609,-27.4815631,30.2450329,agnSED/agn.spec.gz,5.49
614578320324591644,53.1221005,-27.4731687,23.9695494,agnSED/agn.spec.gz,2.59
614578320324592668,53.1224999,-27.4728383,26.1587939,agnSED/agn.spec.gz,2.59
614409240924340252,53.1134499,-27.4778774,26.8955103,agnSED/agn.spec.gz,0.8
614409240924341276,53.1136475,-27.4775996,28.6071614,agnSED/agn.spec.gz,0.8
614456031047938076,53.142498,-27.5203199,29.8576422,agnSED/agn.spec.gz,4.13
614456031047939100,53.1417469,-27.5200509,27.7828798,agnSED/agn.spec.gz,4.13
614577821177147420,53.1160157,-27.5073369,26.1296025,agnSED/agn.spec.gz,4.57
614577821177148444,53.1162791,-27.5073314,24.9347544,agnSED/agn.spec.gz,4.57
614577821177149468,53.1159715,-27.506953,25.9367551,agnSED/agn.spec.gz,4.57
614577821177150492,53.1163038,-27.50718,25.2959756,agnSED/agn.spec.gz,4.57
614578119620128796,53.1479876,-27.5125659,30.3211805,agnSED/agn.spec.gz,4.52
614578119620129820,53.1475262,-27.512302,30.5382489,agnSED/agn.spec.gz,4.52
614578119620130844,53.1482887,-27.5122044,30.1865164,agnSED/agn.spec.gz,4.52
614578119620131868,53.1479348,-27.5118648,30.5756643,agnSED/agn.spec.gz,4.52
614407911066116124,53.1366348,-27.5106997,21.7071557,agnSED/agn.spec.gz,0.91
614407911066117148,53.1368586,-27.5106941,22.8999056,agnSED/agn.spec.gz,0.91
614525361718702108,53.0211816,-27.470487,33.7776063,agnSED/agn.spec.gz,4.49
614525361718703132,53.0209507,-27.4704431,34.5934563,agnSED/agn.spec.gz,4.49
614525361718704156,53.0211345,-27.4703286,34.619453,agnSED/agn.spec.gz,4.49
614525361718705180,53.0211356,-27.4705631,33.944713,agnSED/agn.spec.gz,4.49
614559991400165404,53.0390524,-27.5204507,20.8766099,agnSED/agn.spec.gz,2.02
614559991400166428,53.0388132,-27.5205855,23.4298666,agnSED/agn.spec.gz,2.02
614578421414952988,53.0635488,-27.4816943,29.4839529,agnSED/agn.spec.gz,3.85
614578421414954012,53.0635373,-27.4814555,31.0554852,agnSED/agn.spec.gz,3.85
614412741090377756,53.0812496,-27.4910452,25.6907129,agnSED/agn.spec.gz,1.06
614412741090378780,53.0810442,-27.4910585,27.8390663,agnSED/agn.spec.gz,1.06
614401576018223132,53.0515444,-27.5001026,26.3945815,agnSED/agn.spec.gz,0.66
614401576018224156,53.0518094,-27.4999806,26.1881375,agnSED/agn.spec.gz,0.66
614403957934452764,53.0721173,-27.5033472,26.5151159,agnSED/agn.spec.gz,0.61
614403957934453788,53.0722012,-27.5029998,27.5885512,agnSED/agn.spec.gz,0.61
614427556823199772,53.1077406,-27.5135681,26.1921814,agnSED/agn.spec.gz,1.16
614427556823200796,53.1068877,-27.5130173,25.1939455,agnSED/agn.spec.gz,1.16
614578329579810844,53.0953334,-27.5095554,28.0086815,agnSED/agn.spec.gz,1.49
614578329579811868,53.095644,-27.5095427,28.7598426,agnSED/agn.spec.gz,1.49
614405543792869404,53.0146705,-27.5545094,30.9389803,agnSED/agn.spec.gz,2.06
614405543792870428,53.0142318,-27.5540948,32.3299728,agnSED/agn.spec.gz,2.06
614549163941126172,53.0324314,-27.5405854,28.2279127,agnSED/agn.spec.gz,2.47
614549163941127196,53.0321624,-27.5402364,29.8016542,agnSED/agn.spec.gz,2.47
614430525727440924,53.0470988,-27.5505724,26.010759,agnSED/agn.spec.gz,0.74
614430525727441948,53.0467861,-27.5503982,28.1529529,agnSED/agn.spec.gz,0.74
614411065743732764,53.0551105,-27.5293481,25.5044645,agnSED/agn.spec.gz,0.61
614411065743733788,53.0551944,-27.5290007,27.5459835,agnSED/agn.spec.gz,0.61
614440190988029980,53.0474765,-27.5404115,26.9017378,agnSED/agn.spec.gz,1.72
614440190988031004,53.0477882,-27.540138,29.0949399,agnSED/agn.spec.gz,1.72
614440190988032028,53.0474354,-27.5400071,26.0898856,agnSED/agn.spec.gz,1.72
614440190988033052,53.0474986,-27.5399308,25.8262534,agnSED/agn.spec.gz,1.72
614495257643110428,53.0936058,-27.5575151,30.4158123,agnSED/agn.spec.gz,2.87
614495257643111452,53.0937829,-27.5573022,29.9054811,agnSED/agn.spec.gz,2.87
614453429935755292,53.1058613,-27.5361342,28.813122,agnSED/agn.spec.gz,3.19
614453429935756316,53.1059026,-27.5359027,29.3338183,agnSED/agn.spec.gz,3.19
614409022556684316,53.0827973,-27.5275671,25.6174693,agnSED/agn.spec.gz,0.62
614409022556685340,53.0828265,-27.5273347,26.5038706,agnSED/agn.spec.gz,0.62
614572500849692700,53.1937759,-27.6546896,32.1816547,agnSED/agn.spec.gz,2.2
614572500849693724,53.1937372,-27.6542166,30.7755015,agnSED/agn.spec.gz,2.2
614414516020416540,53.1808068,-27.6499043,25.9017475,agnSED/agn.spec.gz,1.03
614414516020417564,53.1808816,-27.6497502,27.205758,agnSED/agn.spec.gz,1.03
614415972035584028,53.1487097,-27.6482162,29.0037137,agnSED/agn.spec.gz,1.66
614415972035585052,53.1485436,-27.6483589,31.1559408,agnSED/agn.spec.gz,1.66
614400225730658332,53.1315857,-27.6518417,19.0122708,agnSED/agn.spec.gz,0.48
614400225730659356,53.1311022,-27.6514516,20.6971003,agnSED/agn.spec.gz,0.48
614578431427723292,53.1263235,-27.7121829,31.4706199,agnSED/agn.spec.gz,4.73
614578431427724316,53.1261246,-27.7115893,31.330239,agnSED/agn.spec.gz,4.73
614403311739007004,53.0186488,-27.6506432,22.871062,agnSED/agn.spec.gz,0.62
614403311739008028,53.019259,-27.650354,22.6942686,agnSED/agn.spec.gz,0.62
614403311739009052,53.0192837,-27.65004,22.4397853,agnSED/agn.spec.gz,0.62
614403311739010076,53.0187151,-27.649945,23.664779,agnSED/agn.spec.gz,0.62
614466280133611548,53.0494448,-27.6485329,28.8651078,agnSED/agn.spec.gz,2.94
614466280133612572,53.049471,-27.6483354,30.1991759,agnSED/agn.spec.gz,2.94
614415767113469980,53.018463,-27.7222902,26.9603615,agnSED/agn.spec.gz,1.72
614415767113471004,53.0187748,-27.7220166,29.5173255,agnSED/agn.spec.gz,1.72
614415767113472028,53.018422,-27.7218858,26.8499947,agnSED/agn.spec.gz,1.72
614415767113473052,53.0184851,-27.7218095,26.5865222,agnSED/agn.spec.gz,1.72
614549996126154780,53.0406344,-27.6657365,28.3669977,agnSED/agn.spec.gz,3.44
614549996126155804,53.0404614,-27.6654833,30.3554771,agnSED/agn.spec.gz,3.44
614565004065693724,53.0565628,-27.6984679,26.8813865,agnSED/agn.spec.gz,1.89
614565004065694748,53.0565445,-27.698659,28.7558242,agnSED/agn.spec.gz,1.89
614400213934305308,53.0539257,-27.7029496,21.2526292,agnSED/agn.spec.gz,0.49
614400213934306332,53.053566,-27.7028046,23.5690664,agnSED/agn.spec.gz,0.49
614567597519908892,53.0486258,-27.7015297,30.2054097,agnSED/agn.spec.gz,2.98
614567597519909916,53.0487986,-27.7014657,30.5465735,agnSED/agn.spec.gz,2.98
614567597519910940,53.0485357,-27.7012417,30.8067384,agnSED/agn.spec.gz,2.98
614567597519911964,53.0488679,-27.7012039,29.8728041,agnSED/agn.spec.gz,2.98
614442815102271516,53.0503233,-27.7008604,29.1241595,agnSED/agn.spec.gz,3.05
614442815102272540,53.0501182,-27.7007641,31.0936779,agnSED/agn.spec.gz,3.05
614424493089861660,53.0935575,-27.7065233,28.026733,agnSED/agn.spec.gz,2.34
614424493089862684,53.0934102,-27.7064184,27.24504,agnSED/agn.spec.gz,2.34
614430440827371548,53.0902673,-27.7112448,25.5450887,agnSED/agn.spec.gz,2.5
614430440827372572,53.0894941,-27.710992,24.7024086,agnSED/agn.spec.gz,2.5
614400265799778332,53.0759834,-27.7200735,20.7498402,agnSED/agn.spec.gz,0.48
614400265799779356,53.0754999,-27.7196835,22.4303021,agnSED/agn.spec.gz,0.48
614578335890153500,53.0816056,-27.727721,27.0650284,agnSED/agn.spec.gz,2.14
614578335890154524,53.0814331,-27.7277103,25.620158,agnSED/agn.spec.gz,2.14
614578226780504092,53.1001363,-27.6785726,20.9771646,agnSED/agn.spec.gz,3.81
614578226780505116,53.100448,-27.6776483,20.9736071,agnSED/agn.spec.gz,3.81
614439101953732636,52.8240368,-27.6638112,30.0942479,agnSED/agn.spec.gz,1.16
614439101953733660,52.8239349,-27.6636953,28.4166727,agnSED/agn.spec.gz,1.16
614578323294830620,52.8753317,-27.6476604,32.1767816,agnSED/agn.spec.gz,3.69
614578323294831644,52.8754301,-27.6474475,32.385804,agnSED/agn.spec.gz,3.69
614439013122383900,52.8805839,-27.6501636,22.6126966,agnSED/agn.spec.gz,2.6
614439013122384924,52.8805437,-27.6499048,23.4332671,agnSED/agn.spec.gz,2.6
614410953216229404,52.8528332,-27.6521789,28.9514894,agnSED/agn.spec.gz,2.06
614410953216230428,52.8523945,-27.6517643,31.8137609,agnSED/agn.spec.gz,2.06
614444130673594396,52.8388764,-27.6670415,30.0178518,agnSED/agn.spec.gz,2.42
614444130673595420,52.8390656,-27.666928,28.6061117,agnSED/agn.spec.gz,2.42
614407422342152220,52.9754773,-27.6643127,25.3548765,agnSED/agn.spec.gz,0.89
614407422342153244,52.9755536,-27.6641482,24.7620958,agnSED/agn.spec.gz,0.89
614578294489894940,52.9719278,-27.6571172,28.7069763,agnSED/agn.spec.gz,3.01
614578294489895964,52.9723914,-27.6571353,28.8158065,agnSED/agn.spec.gz,3.01
614578186242572316,52.9219507,-27.6746678,26.9529929,agnSED/agn.spec.gz,1.88
614578186242573340,52.921819,-27.6744594,26.4291244,agnSED/agn.spec.gz,1.88
614578341236183068,52.9444383,-27.647854,30.4815133,agnSED/agn.spec.gz,5.49
614578341236184092,52.9450103,-27.6478754,30.8506812,agnSED/agn.spec.gz,5.49
614578341236185116,52.9444778,-27.6472233,31.405323,agnSED/agn.spec.gz,5.49
614578341236186140,52.9451076,-27.6473426,30.4640912,agnSED/agn.spec.gz,5.49
614429218243596316,52.9320715,-27.6575058,26.1033887,agnSED/agn.spec.gz,2.28
614429218243597340,52.9320505,-27.6570638,27.3072639,agnSED/agn.spec.gz,2.28
614577567529558044,52.9280265,-27.6492434,30.3026292,agnSED/agn.spec.gz,4.3
614577567529559068,52.9283469,-27.6491832,30.0308973,agnSED/agn.spec.gz,4.3
614577567529560092,52.9278171,-27.6491374,29.8732214,agnSED/agn.spec.gz,4.3
614577567529561116,52.928112,-27.6488,32.627156,agnSED/agn.spec.gz,4.3
614413304701489180,52.9186198,-27.6652839,26.459131,agnSED/agn.spec.gz,1.5
614413304701490204,52.9186059,-27.6650486,27.8495425,agnSED/agn.spec.gz,1.5
614427246419726364,52.9344628,-27.7032243,21.6945437,agnSED/agn.spec.gz,2.25
614427246419727388,52.9340892,-27.7030805,21.2627894,agnSED/agn.spec.gz,2.25
614443513590911004,52.9263688,-27.6770331,29.7679533,agnSED/agn.spec.gz,2.72
614443513590912028,52.9261315,-27.6767993,31.8652632,agnSED/agn.spec.gz,2.72
614475468575219740,52.9078283,-27.6909963,28.9704385,agnSED/agn.spec.gz,1.42
614475468575220764,52.90806,-27.6909108,28.6507425,agnSED/agn.spec.gz,1.42
614405587148980252,52.90677,-27.7081985,27.7359718,agnSED/agn.spec.gz,0.8
614405587148981276,52.9069676,-27.7079207,30.0657459,agnSED/agn.spec.gz,0.8
614421142703222812,52.9005825,-27.6766056,31.1938908,agnSED/agn.spec.gz,2.63
614421142703223836,52.900365,-27.6762104,31.7907071,agnSED/agn.spec.gz,2.63
614501784280973340,52.8730814,-27.7061033,30.2045229,agnSED/agn.spec.gz,3.34
614501784280974364,52.8733524,-27.7059917,30.4263548,agnSED/agn.spec.gz,3.34
614436718828679196,53.0000118,-27.6538597,24.3167611,agnSED/agn.spec.gz,1.04
614436718828680220,53.0002599,-27.6538321,24.2009908,agnSED/agn.spec.gz,1.04
614556834396655644,52.9823279,-27.686587,31.8389076,agnSED/agn.spec.gz,3.73
614556834396656668,52.9821141,-27.6863003,31.3100648,agnSED/agn.spec.gz,3.73
614401257451745308,52.9955663,-27.6793394,22.8794174,agnSED/agn.spec.gz,0.49
614401257451746332,52.9952066,-27.6791944,24.9442042,agnSED/agn.spec.gz,0.49
614403298754994204,53.0012245,-27.6798624,26.4895754,agnSED/agn.spec.gz,0.55
614403298754995228,53.0010506,-27.6797721,26.3947119,agnSED/agn.spec.gz,0.55
614532142594879516,52.9890457,-27.6732774,31.3836958,agnSED/agn.spec.gz,4.27
614532142594880540,52.9888647,-27.6731631,30.0019586,agnSED/agn.spec.gz,4.27
614421580976840732,52.9239746,-27.7184866,29.5797168,agnSED/agn.spec.gz,2.34
614421580976841756,52.9236782,-27.7183834,29.9464161,agnSED/agn.spec.gz,2.34
614578309183279132,52.9574683,-27.7129053,30.4174613,agnSED/agn.spec.gz,4.9
614578309183280156,52.9571922,-27.7127955,31.3603891,agnSED/agn.spec.gz,4.9
614578297458720796,52.9475784,-27.6978492,26.3505208,agnSED/agn.spec.gz,2.41
614578297458721820,52.9472738,-27.6980749,28.7322062,agnSED/agn.spec.gz,2.41
614547681823330332,53.00416,-27.7268525,30.4920372,agnSED/agn.spec.gz,2.88
614547681823331356,53.0037285,-27.7265919,33.5349066,agnSED/agn.spec.gz,2.88
614425750938091548,52.9900077,-27.7066795,29.202132,agnSED/agn.spec.gz,2.5
614425750938092572,52.9892345,-27.7064266,28.3923617,agnSED/agn.spec.gz,2.5
614578330143359004,53.0029926,-27.708709,30.8255187,agnSED/agn.spec.gz,3.29
614578330143360028,53.002611,-27.7083598,28.8065836,agnSED/agn.spec.gz,3.29
614465703119601692,52.9726692,-27.7277948,29.4447607,agnSED/agn.spec.gz,3.82
614465703119602716,52.9723643,-27.7276451,27.911121,agnSED/agn.spec.gz,3.82
614577860076748828,52.9869877,-27.7227754,29.1346165,agnSED/agn.spec.gz,1.58
614577860076749852,52.9874077,-27.7225202,28.1290562,agnSED/agn.spec.gz,1.58
614536880487284764,52.9951038,-27.6962554,27.6322001,agnSED/agn.spec.gz,1.49
614536880487285788,52.9946801,-27.6959286,27.7943786,agnSED/agn.spec.gz,1.49
614536880487286812,52.9953991,-27.6956946,29.5534779,agnSED/agn.spec.gz,1.49
614536880487287836,52.9947775,-27.6954215,27.6634669,agnSED/agn.spec.gz,1.49
614415786118610972,52.9764646,-27.7352422,27.6263877,agnSED/agn.spec.gz,1.71
614415786118611996,52.9763644,-27.7349516,29.8000369,agnSED/agn.spec.gz,1.71
614451896455462940,52.9723732,-27.7351149,32.3012937,agnSED/agn.spec.gz,2.54
614451896455463964,52.9722706,-27.7347783,30.4256894,agnSED/agn.spec.gz,2.54
614520666873126940,52.9739618,-27.7362967,30.3914743,agnSED/agn.spec.gz,3.03
614520666873127964,52.9736459,-27.7361908,29.1544555,agnSED/agn.spec.gz,3.03
614520666873128988,52.9736539,-27.7360108,27.8848254,agnSED/agn.spec.gz,3.03
614520666873130012,52.9738321,-27.7359928,28.8588896,agnSED/agn.spec.gz,3.03
614578360537509916,53.2149896,-27.3179082,29.1052002,agnSED/agn.spec.gz,2.03
614578360537510940,53.2146305,-27.317886,28.0321055,agnSED/agn.spec.gz,2.03
614409177886900252,53.2140663,-27.3701432,27.2691767,agnSED/agn.spec.gz,0.8
614409177886901276,53.2142639,-27.3698654,29.2401602,agnSED/agn.spec.gz,0.8
614421308806279196,53.2342174,-27.3502742,26.4637925,agnSED/agn.spec.gz,1.04
614421308806280220,53.2344655,-27.3502465,26.24321,agnSED/agn.spec.gz,1.04
614408492462428188,53.2188046,-27.3574793,27.1670795,agnSED/agn.spec.gz,1.15
614408492462429212,53.2190259,-27.3572354,29.4039147,agnSED/agn.spec.gz,1.15
614566296158269468,53.2852886,-27.3028543,23.1147471,agnSED/agn.spec.gz,1.44
614566296158270492,53.2852104,-27.3026684,23.5090049,agnSED/agn.spec.gz,1.44
614402347612184604,53.2864866,-27.3105255,25.3845254,agnSED/agn.spec.gz,0.74
614402347612185628,53.2859101,-27.3099958,23.949448,agnSED/agn.spec.gz,0.74
614411568426037276,53.2550201,-27.298075,31.4094434,agnSED/agn.spec.gz,1.83
614411568426038300,53.255008,-27.2985527,31.4765627,agnSED/agn.spec.gz,1.83
614401997058191388,53.2534299,-27.3094991,26.5623894,agnSED/agn.spec.gz,1.51
614401997058192412,53.2532177,-27.3092472,26.5677607,agnSED/agn.spec.gz,1.51
614401997058193436,53.2536175,-27.309206,26.5901192,agnSED/agn.spec.gz,1.51
614401997058194460,53.2534263,-27.309032,26.1893352,agnSED/agn.spec.gz,1.51
614413159834296348,53.2123195,-27.3359485,22.4089948,agnSED/agn.spec.gz,1.64
614413159834297372,53.2118888,-27.3358114,22.6203597,agnSED/agn.spec.gz,1.64
614538469326700572,53.2126731,-27.4409801,27.8356575,agnSED/agn.spec.gz,1.46
614538469326701596,53.2128717,-27.440907,28.2873734,agnSED/agn.spec.gz,1.46
614448065700429852,53.2179658,-27.4440309,28.9407512,agnSED/agn.spec.gz,1.66
614448065700430876,53.2182093,-27.4440093,26.7848859,agnSED/agn.spec.gz,1.66
614431554099343388,53.2881016,-27.3949694,28.1786548,agnSED/agn.spec.gz,1.36
614431554099344412,53.287841,-27.3956954,26.8542419,agnSED/agn.spec.gz,1.36
614413707817996316,53.279602,-27.4026891,28.8352536,agnSED/agn.spec.gz,2.28
614413707817997340,53.279581,-27.4022472,30.3129053,agnSED/agn.spec.gz,2.28
614578353584070684,53.2167134,-27.3914264,28.1400316,agnSED/agn.spec.gz,2.0
614578353584071708,53.2165324,-27.3913204,28.3992356,agnSED/agn.spec.gz,2.0
614578353584072732,53.2167936,-27.3912411,28.5153888,agnSED/agn.spec.gz,2.0
614578353584073756,53.2165943,-27.3911147,28.1277188,agnSED/agn.spec.gz,2.0
614577217454964764,53.2169461,-27.4044626,28.2172387,agnSED/agn.spec.gz,1.49
614577217454965788,53.2165223,-27.4041358,28.7906879,agnSED/agn.spec.gz,1.49
614577217454966812,53.2172414,-27.4039018,28.9614348,agnSED/agn.spec.gz,1.49
614577217454967836,53.2166198,-27.4036287,28.1647852,agnSED/agn.spec.gz,1.49
614430507121102876,53.2215256,-27.4160629,22.2983653,agnSED/agn.spec.gz,0.69
614430507121103900,53.2214951,-27.4156112,24.8031923,agnSED/agn.spec.gz,0.69
614401771962544156,53.2558553,-27.4219187,28.0603285,agnSED/agn.spec.gz,1.48
614401771962545180,53.2560459,-27.4216744,26.7936274,agnSED/agn.spec.gz,1.48
614402322278498332,53.3299714,-27.3618511,24.28147,agnSED/agn.spec.gz,0.48
614402322278499356,53.3294879,-27.3614611,25.7133645,agnSED/agn.spec.gz,0.48
614504227461505052,53.3117429,-27.3552339,24.8253571,agnSED/agn.spec.gz,1.21
614504227461506076,53.3113088,-27.3550322,24.5449233,agnSED/agn.spec.gz,1.21
614511459922452508,53.3037579,-27.3731785,30.5770423,agnSED/agn.spec.gz,2.95
614511459922453532,53.3041343,-27.3729534,30.3677428,agnSED/agn.spec.gz,2.95
614511459922454556,53.3036223,-27.3728472,28.4183706,agnSED/agn.spec.gz,2.95
614511459922455580,53.3036689,-27.372803,28.5199966,agnSED/agn.spec.gz,2.95
614407652701949980,53.2970678,-27.3568071,29.502963,agnSED/agn.spec.gz,1.72
614407652701951004,53.2973795,-27.3565335,29.7975534,agnSED/agn.spec.gz,1.72
614407652701952028,53.2970267,-27.3564027,28.0624887,agnSED/agn.spec.gz,1.72
614407652701953052,53.2970898,-27.3563264,27.7996622,agnSED/agn.spec.gz,1.72
614403531449040924,53.2822696,-27.3620652,26.1409064,agnSED/agn.spec.gz,0.74
614403531449041948,53.2819569,-27.361891,26.5983086,agnSED/agn.spec.gz,0.74
614446775060856860,53.2703308,-27.374766,26.2433203,agnSED/agn.spec.gz,1.18
614446775060857884,53.2703582,-27.3742373,25.9214715,agnSED/agn.spec.gz,1.18
614511290216628252,53.2838884,-27.3802268,34.3021788,agnSED/agn.spec.gz,2.84
614511290216629276,53.2842543,-27.3800308,32.4083587,agnSED/agn.spec.gz,2.84
614536986205323292,53.252168,-27.3736301,31.8253323,agnSED/agn.spec.gz,4.73
614536986205324316,53.2519691,-27.3730365,30.1634887,agnSED/agn.spec.gz,4.73
614420833875144732,53.2358652,-27.6186476,28.9183987,agnSED/agn.spec.gz,1.86
614420833875145756,53.2357192,-27.6190711,30.2173801,agnSED/agn.spec.gz,1.86
614441771028996124,53.2360223,-27.6167198,26.2007013,agnSED/agn.spec.gz,0.91
614441771028997148,53.2362461,-27.6167143,27.1205697,agnSED/agn.spec.gz,0.91
614427245824516124,53.2405767,-27.6060197,22.8098724,agnSED/agn.spec.gz,0.91
614427245824517148,53.2408005,-27.6060141,23.9567814,agnSED/agn.spec.gz,0.91
614469637468778524,53.2587659,-27.5986209,29.1667903,agnSED/agn.spec.gz,2.86
614469637468779548,53.2591855,-27.5988302,30.055066,agnSED/agn.spec.gz,2.86
614439156102271004,53.2764505,-27.5834919,28.3335364,agnSED/agn.spec.gz,2.72
614439156102272028,53.2762132,-27.5832581,30.4792755,agnSED/agn.spec.gz,2.72
614532467046494236,53.3404756,-27.47151,23.3789832,agnSED/agn.spec.gz,1.23
614532467046495260,53.3409238,-27.4714458,21.7872294,agnSED/agn.spec.gz,1.23
614524985142505500,53.3105776,-27.515455,32.5129214,agnSED/agn.spec.gz,3.55
614524985142506524,53.3107627,-27.5154068,31.1967376,agnSED/agn.spec.gz,3.55
614578301369180188,53.3377358,-27.5093343,28.2883569,agnSED/agn.spec.gz,2.18
614578301369181212,53.3373299,-27.5090267,29.5868354,agnSED/agn.spec.gz,2.18
614578250959507484,53.2262036,-27.4747247,24.3512555,agnSED/agn.spec.gz,1.95
614578250959508508,53.2262188,-27.4744167,25.2001081,agnSED/agn.spec.gz,1.95
614549111042158620,53.2140584,-27.5010219,28.8299198,agnSED/agn.spec.gz,2.44
614549111042159644,53.2140564,-27.5007339,30.7253032,agnSED/agn.spec.gz,2.44
614454931385839644,53.2539015,-27.5153476,27.0497363,agnSED/agn.spec.gz,1.45
614454931385840668,53.2537289,-27.5150963,27.1510355,agnSED/agn.spec.gz,1.45
614454931385841692,53.2540524,-27.5151101,26.7451545,agnSED/agn.spec.gz,1.45
614454931385842716,53.253909,-27.5148963,26.8689463,agnSED/agn.spec.gz,1.45
614452159541305372,53.2397559,-27.5282819,29.5366306,agnSED/agn.spec.gz,2.33
614452159541306396,53.2396883,-27.5280977,30.0230163,agnSED/agn.spec.gz,2.33
614477508976898076,53.241224,-27.4896339,28.2588026,agnSED/agn.spec.gz,4.13
614477508976899100,53.2404729,-27.4893649,26.8597291,agnSED/agn.spec.gz,4.13
614409428206014492,53.2518165,-27.4962501,25.7563041,agnSED/agn.spec.gz,1.9
614409428206015516,53.2515771,-27.4962249,26.6804812,agnSED/agn.spec.gz,1.9
614409428206016540,53.2517543,-27.4960595,25.3613663,agnSED/agn.spec.gz,1.9
614409428206017564,53.2516325,-27.4960138,25.328371,agnSED/agn.spec.gz,1.9
614419986146320412,53.2846815,-27.5086957,29.2604769,agnSED/agn.spec.gz,2.3
614419986146321436,53.2847466,-27.5082438,29.4883568,agnSED/agn.spec.gz,2.3
614578324522709020,53.2914873,-27.4938393,26.5180388,agnSED/agn.spec.gz,2.15
614578324522710044,53.2917458,-27.4935616,25.9310044,agnSED/agn.spec.gz,2.15
614541540681015324,53.2849276,-27.4961039,27.5838644,agnSED/agn.spec.gz,2.86
614541540681016348,53.2847588,-27.4958246,29.2113359,agnSED/agn.spec.gz,2.86
614503736782516252,53.2490058,-27.5581095,25.2579983,agnSED/agn.spec.gz,1.19
614503736782517276,53.2491573,-27.5577763,27.1264016,agnSED/agn.spec.gz,1.19
614419901962465308,53.2377606,-27.5573359,20.2812467,agnSED/agn.spec.gz,0.49
614419901962466332,53.2374009,-27.5571909,22.5406738,agnSED/agn.spec.gz,0.49
614439518392520732,53.2417142,-27.5332814,24.6573641,agnSED/agn.spec.gz,1.28
614439518392521756,53.2423208,-27.5336284,27.9543771,agnSED/agn.spec.gz,1.28
614400788869218332,53.2553569,-27.5315292,23.5363763,agnSED/agn.spec.gz,0.48
614400788869219356,53.2548734,-27.5311392,25.6118968,agnSED/agn.spec.gz,0.48
614578390160527388,53.2501756,-27.5274883,27.919301,agnSED/agn.spec.gz,3.09
614578390160528412,53.2495896,-27.5274063,29.8064898,agnSED/agn.spec.gz,3.09
614411077328076828,53.2436007,-27.537943,28.420121,agnSED/agn.spec.gz,2.29
614411077328077852,53.2437853,-27.5378126,28.4899251,agnSED/agn.spec.gz,2.29
614404396513476636,53.2805849,-27.5495165,29.7564719,agnSED/agn.spec.gz,1.42
614404396513477660,53.2813873,-27.5491024,28.8855616,agnSED/agn.spec.gz,1.42
614453874210140188,53.2596954,-27.549187,28.9163438,agnSED/agn.spec.gz,3.35
614453874210141212,53.2595585,-27.5490782,28.6611233,agnSED/agn.spec.gz,3.35
614525408932339740,53.2928276,-27.5191058,29.136414,agnSED/agn.spec.gz,1.42
614525408932340764,53.2930593,-27.5190203,29.0091366,agnSED/agn.spec.gz,1.42
614405683663507484,53.3253744,-27.4637932,27.218496,agnSED/agn.spec.gz,1.95
614405683663508508,53.3253895,-27.4634852,27.8862717,agnSED/agn.spec.gz,1.95
614419368152530972,53.3253361,-27.3788467,28.5036549,agnSED/agn.spec.gz,1.71
614419368152531996,53.3252359,-27.3785561,29.746618,agnSED/agn.spec.gz,1.71
614411309426790428,53.2414473,-27.4457256,29.7408497,agnSED/agn.spec.gz,2.87
614411309426791452,53.2416244,-27.4455127,29.1393269,agnSED/agn.spec.gz,2.87
614403929497903132,53.2956389,-27.4207514,26.6662157,agnSED/agn.spec.gz,0.66
614403929497904156,53.2959039,-27.4206294,26.1680254,agnSED/agn.spec.gz,0.66
614476240445739036,53.2889306,-27.4282377,26.9801638,agnSED/agn.spec.gz,1.14
614476240445740060,53.2892381,-27.4282254,27.8374103,agnSED/agn.spec.gz,1.14
614577857701720092,53.2587516,-27.4478415,29.6127127,agnSED/agn.spec.gz,2.97
614577857701721116,53.2588931,-27.4475036,31.4882105,agnSED/agn.spec.gz,2.97
614516147927924764,53.309785,-27.400229,28.2512142,agnSED/agn.spec.gz,1.49
614516147927925788,53.3093612,-27.3999022,28.7191407,agnSED/agn.spec.gz,1.49
614516147927926812,53.3100803,-27.3996682,29.5422244,agnSED/agn.spec.gz,1.49
614516147927927836,53.3094587,-27.3993951,28.1624972,agnSED/agn.spec.gz,1.49
614413055970594844,53.3274294,-27.4109921,27.5497974,agnSED/agn.spec.gz,1.1
614413055970595868,53.3272917,-27.4109037,25.0598673,agnSED/agn.spec.gz,1.1
614513571884318748,53.2957389,-27.5913106,25.4141463,agnSED/agn.spec.gz,2.6
614513571884319772,53.2958498,-27.5913098,26.5911389,agnSED/agn.spec.gz,2.6
614513571884320796,53.2957901,-27.5912211,25.7602865,agnSED/agn.spec.gz,2.6
614513571884321820,53.2958602,-27.5912169,25.2259095,agnSED/agn.spec.gz,2.6
614546357332144156,53.2894583,-27.5979263,29.4991765,agnSED/agn.spec.gz,1.48
614546357332145180,53.289649,-27.597682,27.7246921,agnSED/agn.spec.gz,1.48
614556176458969116,53.2691199,-27.610764,31.7977458,agnSED/agn.spec.gz,4.42
614556176458970140,53.2689864,-27.6106377,30.1636834,agnSED/agn.spec.gz,4.42
614556176458971164,53.2691627,-27.6105687,31.0559166,agnSED/agn.spec.gz,4.42
614556176458972188,53.2689716,-27.6106975,30.0201623,agnSED/agn.spec.gz,4.42
614417182445703196,53.3117377,-27.5585463,26.6295381,agnSED/agn.spec.gz,1.83
614417182445704220,53.3119991,-27.5584652,27.1047884,agnSED/agn.spec.gz,1.83
614417182445705244,53.3117393,-27.5582698,26.8810553,agnSED/agn.spec.gz,1.83
614417182445706268,53.3119832,-27.5581866,26.5857827,agnSED/agn.spec.gz,1.83
614453520251310108,53.1615303,-27.3236688,27.912781,agnSED/agn.spec.gz,3.42
614453520251311132,53.161529,-27.3233343,28.9365307,agnSED/agn.spec.gz,3.42
614487700625473564,53.1120652,-27.3169024,30.6125209,agnSED/agn.spec.gz,4.22
614487700625474588,53.1120868,-27.3166082,33.2534798,agnSED/agn.spec.gz,4.22
614578314734415900,53.1389951,-27.3543491,29.7785906,agnSED/agn.spec.gz,3.88
614578314734416924,53.1388863,-27.3540763,27.4301947,agnSED/agn.spec.gz,3.88
614422313717981212,53.1258968,-27.3523131,29.0607564,agnSED/agn.spec.gz,1.26
614422313717982236,53.1252246,-27.3523658,31.2989209,agnSED/agn.spec.gz,1.26
614436593492394012,53.0226424,-27.3042232,27.4300405,agnSED/agn.spec.gz,2.57
614436593492395036,53.0225906,-27.3039354,26.6337828,agnSED/agn.spec.gz,2.57
614436929700331548,53.0372065,-27.2965981,25.9487429,agnSED/agn.spec.gz,2.5
614436929700332572,53.0364332,-27.2963453,24.7585061,agnSED/agn.spec.gz,2.5
614411062703185948,53.01187,-27.3386528,27.8285676,agnSED/agn.spec.gz,2.26
614411062703186972,53.0115534,-27.3377282,27.7024097,agnSED/agn.spec.gz,2.26
614456625840066588,53.0308952,-27.3431831,27.6792886,agnSED/agn.spec.gz,1.67
614456625840067612,53.0306379,-27.3431436,28.2362562,agnSED/agn.spec.gz,1.67
614529063570415644,53.0186218,-27.3552733,29.3199784,agnSED/agn.spec.gz,2.93
614529063570416668,53.0185927,-27.35508,27.9558792,agnSED/agn.spec.gz,2.93
614542320774991900,53.0570849,-27.337214,28.1338157,agnSED/agn.spec.gz,2.61
614542320774992924,53.0573092,-27.3371442,28.1817058,agnSED/agn.spec.gz,2.61
614542320774993948,53.057071,-27.336934,28.5973423,agnSED/agn.spec.gz,2.61
614542320774994972,53.0573297,-27.336929,28.0377105,agnSED/agn.spec.gz,2.61
614407325112692764,53.0560719,-27.3064976,25.9710394,agnSED/agn.spec.gz,0.61
614407325112693788,53.0561558,-27.3061502,27.4703297,agnSED/agn.spec.gz,0.61
614403772702900252,53.0879882,-27.388589,25.2106495,agnSED/agn.spec.gz,0.8
614403772702901276,53.0881858,-27.3883112,27.5821163,agnSED/agn.spec.gz,0.8
614444593418477596,53.0868881,-27.3975513,22.9951967,agnSED/agn.spec.gz,1.37
614444593418478620,53.0868669,-27.3970385,25.0645327,agnSED/agn.spec.gz,1.37
614524536137580572,53.0140211,-27.3829374,22.8367882,agnSED/agn.spec.gz,1.46
614524536137581596,53.0142197,-27.3828642,23.3028026,agnSED/agn.spec.gz,1.46
614578374372782108,53.0300638,-27.3874647,29.7396264,agnSED/agn.spec.gz,4.49
614578374372783132,53.0298329,-27.3874207,31.4999044,agnSED/agn.spec.gz,4.49
614578374372784156,53.0300167,-27.3873062,29.9020625,agnSED/agn.spec.gz,4.49
614578374372785180,53.0300178,-27.3875407,29.7902471,agnSED/agn.spec.gz,4.49
614542596373909532,53.0222249,-27.4030916,26.9794221,agnSED/agn.spec.gz,2.43
614542596373910556,53.0220361,-27.4026217,28.7303103,agnSED/agn.spec.gz,2.43
614578363086975004,53.0544574,-27.3497234,30.0034236,agnSED/agn.spec.gz,2.07
614578363086976028,53.0547548,-27.3497158,29.4302236,agnSED/agn.spec.gz,2.07
614427307103346716,53.0566489,-27.3508077,20.790442,agnSED/agn.spec.gz,2.12
614427307103347740,53.0567898,-27.3507054,21.2527535,agnSED/agn.spec.gz,2.12
614560945041666076,53.0717017,-27.3761506,20.7262869,agnSED/agn.spec.gz,1.45
614560945041667100,53.0716722,-27.3759679,22.6107346,agnSED/agn.spec.gz,1.45
614578118442700828,53.0825821,-27.3666893,26.9726946,agnSED/agn.spec.gz,3.2
614578118442701852,53.0826983,-27.3664401,26.3423478,agnSED/agn.spec.gz,3.2
614456093689102364,53.0985229,-27.3329921,28.747496,agnSED/agn.spec.gz,4.06
614456093689103388,53.0986338,-27.3329286,27.2239627,agnSED/agn.spec.gz,4.06
614456093689104412,53.0986111,-27.332881,27.4524703,agnSED/agn.spec.gz,4.06
614456093689105436,53.0984627,-27.3328597,28.0732084,agnSED/agn.spec.gz,4.06
614409369437536284,53.0663545,-27.3420686,27.3079752,agnSED/agn.spec.gz,0.9
614409369437537308,53.0663002,-27.3418528,26.8714586,agnSED/agn.spec.gz,0.9
614530714716450844,53.0659346,-27.3479694,24.6008007,agnSED/agn.spec.gz,1.49
614530714716451868,53.0662451,-27.3479566,25.6523904,agnSED/agn.spec.gz,1.49
614411605220253724,52.8142338,-27.3045046,26.8644422,agnSED/agn.spec.gz,1.89
614411605220254748,52.8142156,-27.3046956,28.9534484,agnSED/agn.spec.gz,1.89
614401433846222876,52.8718722,-27.3263812,24.8583007,agnSED/agn.spec.gz,0.69
614401433846223900,52.8718417,-27.3259295,26.4786205,agnSED/agn.spec.gz,0.69
614402020516065308,52.867196,-27.3180575,22.301918,agnSED/agn.spec.gz,0.49
614402020516066332,52.8668362,-27.3179125,24.4946703,agnSED/agn.spec.gz,0.49
614408346697568284,52.8795831,-27.3069735,28.9430736,agnSED/agn.spec.gz,1.83
614408346697569308,52.8793239,-27.3068394,30.3063699,agnSED/agn.spec.gz,1.83
614411207711428636,52.8495477,-27.3140686,28.2016246,agnSED/agn.spec.gz,2.25
614411207711429660,52.8493561,-27.3137904,28.1286873,agnSED/agn.spec.gz,2.25
614411207711430684,52.8498442,-27.3135553,31.1256478,agnSED/agn.spec.gz,2.25
614411207711431708,52.8493643,-27.3133034,28.2254315,agnSED/agn.spec.gz,2.25
614421082675380252,52.8133287,-27.4502894,26.4038268,agnSED/agn.spec.gz,0.8
614421082675381276,52.8135263,-27.4500116,27.8810468,agnSED/agn.spec.gz,0.8
614406101361012764,52.8261282,-27.4369748,24.7798871,agnSED/agn.spec.gz,0.61
614406101361013788,52.8262121,-27.4366273,28.47728,agnSED/agn.spec.gz,0.61
614483355506405404,52.879211,-27.3977426,27.2493617,agnSED/agn.spec.gz,2.02
614483355506406428,52.8789718,-27.3978774,30.5877705,agnSED/agn.spec.gz,2.02
614422804800335900,52.8321521,-27.4181805,32.178545,agnSED/agn.spec.gz,3.88
614422804800336924,52.8320433,-27.4179077,30.5363879,agnSED/agn.spec.gz,3.88
614436611903471644,52.969091,-27.305333,29.0835923,agnSED/agn.spec.gz,2.59
614436611903472668,52.9694904,-27.3050026,31.3887809,agnSED/agn.spec.gz,2.59
614449344410812444,52.974341,-27.3178625,26.0518534,agnSED/agn.spec.gz,2.17
614449344410813468,52.9742799,-27.3177252,27.0732843,agnSED/agn.spec.gz,2.17
614408624067100700,52.9366684,-27.3137485,27.2800827,agnSED/agn.spec.gz,1.72
614408624067101724,52.9361477,-27.3135809,27.6830706,agnSED/agn.spec.gz,1.72
614578317058568220,52.9431206,-27.3382887,28.852411,agnSED/agn.spec.gz,2.26
614578317058569244,52.9429097,-27.3382159,31.3336669,agnSED/agn.spec.gz,2.26
614404927879118876,52.8777415,-27.3673117,25.4706586,agnSED/agn.spec.gz,1.52
614404927879119900,52.8775003,-27.3672475,24.5822059,agnSED/agn.spec.gz,1.52
614504590502592540,52.8162089,-27.3760003,31.6198652,agnSED/agn.spec.gz,4.07
614504590502593564,52.8163463,-27.3759013,33.3300554,agnSED/agn.spec.gz,4.07
614498955429093404,52.8328746,-27.36401,30.2656917,agnSED/agn.spec.gz,2.42
614498955429094428,52.8330761,-27.3636855,30.5953499,agnSED/agn.spec.gz,2.42
614437775138099228,52.8576304,-27.3634905,29.1008275,agnSED/agn.spec.gz,3.17
614437775138100252,52.8574725,-27.3632258,28.5368101,agnSED/agn.spec.gz,3.17
614437775138101276,52.8578339,-27.3632207,30.6245592,agnSED/agn.spec.gz,3.17
614437775138102300,52.8575167,-27.3631099,28.2263609,agnSED/agn.spec.gz,3.17
614578226332540956,52.8633645,-27.3412528,30.7568259,agnSED/agn.spec.gz,3.9
614578226332541980,52.863597,-27.3409897,30.1015236,agnSED/agn.spec.gz,3.9
614431922362236956,52.8635348,-27.3553652,30.0683227,agnSED/agn.spec.gz,3.6
614431922362237980,52.8636672,-27.3551719,28.7802924,agnSED/agn.spec.gz,3.6
614476782593667100,52.8692416,-27.3476463,24.3381773,agnSED/agn.spec.gz,1.15
614476782593668124,52.8691956,-27.3473999,25.8953605,agnSED/agn.spec.gz,1.15
614576163504099356,52.877273,-27.3400432,31.7609484,agnSED/agn.spec.gz,4.11
614576163504100380,52.877459,-27.3399728,29.9653785,agnSED/agn.spec.gz,4.11
614438167523586076,52.8793938,-27.3485194,26.5560298,agnSED/agn.spec.gz,1.45
614438167523587100,52.8793644,-27.3483366,28.8158219,agnSED/agn.spec.gz,1.45
614405652756852764,52.8129937,-27.6226343,24.3777582,agnSED/agn.spec.gz,0.61
614405652756853788,52.8130776,-27.6222869,27.0247677,agnSED/agn.spec.gz,0.61
614411942595862556,52.8101895,-27.6186901,29.7638371,agnSED/agn.spec.gz,3.11
614411942595863580,52.8105939,-27.6182405,29.8543938,agnSED/agn.spec.gz,3.11
614411942595864604,52.8106921,-27.6188182,27.9490077,agnSED/agn.spec.gz,3.11
614411942595865628,52.8105847,-27.6188996,27.9002068,agnSED/agn.spec.gz,3.11
614495168298315804,52.8598508,-27.5607589,30.3266619,agnSED/agn.spec.gz,2.91
614495168298316828,52.8602423,-27.5607797,31.4190719,agnSED/agn.spec.gz,2.91
614434948180754460,52.8838491,-27.5729766,28.1942198,agnSED/agn.spec.gz,2.17
614434948180755484,52.8837757,-27.5728537,27.0648013,agnSED/agn.spec.gz,2.17
614578359225929756,52.8102578,-27.5958414,29.2785744,agnSED/agn.spec.gz,3.32
614578359225930780,52.8098433,-27.5955126,29.4070446,agnSED/agn.spec.gz,3.32
614416936869298204,52.8322211,-27.5712519,26.8790625,agnSED/agn.spec.gz,2.71
614416936869299228,52.8320609,-27.5710896,28.9578502,agnSED/agn.spec.gz,2.71
614408774995292188,52.8276145,-27.5758471,28.1392387,agnSED/agn.spec.gz,1.59
614408774995293212,52.8280849,-27.575734,29.3180622,agnSED/agn.spec.gz,1.59
614403460895076380,52.9792691,-27.4900966,26.590067,agnSED/agn.spec.gz,0.82
614403460895077404,52.979404,-27.4901482,28.6495333,agnSED/agn.spec.gz,0.82
614578403023593500,52.9171183,-27.4998211,27.7460614,agnSED/agn.spec.gz,2.14
614578403023594524,52.9169458,-27.4998104,25.8574846,agnSED/agn.spec.gz,2.14
614453671683514396,52.9409784,-27.4718544,27.7053639,agnSED/agn.spec.gz,3.51
614453671683515420,52.9407499,-27.4716887,25.9724472,agnSED/agn.spec.gz,3.51
614453671683516444,52.9410727,-27.4715799,25.9045651,agnSED/agn.spec.gz,3.51
614453671683517468,52.9409038,-27.4715462,25.9246844,agnSED/agn.spec.gz,3.51
614431380696940572,52.9343622,-27.4853533,28.3384299,agnSED/agn.spec.gz,1.46
614431380696941596,52.9345609,-27.4852801,29.0961697,agnSED/agn.spec.gz,1.46
614571157474992156,52.9156324,-27.4884988,31.55549,agnSED/agn.spec.gz,4.38
614571157474993180,52.9154381,-27.488437,32.2657738,agnSED/agn.spec.gz,4.38
614571157474994204,52.9157506,-27.488257,32.7710172,agnSED/agn.spec.gz,4.38
614571157474995228,52.9153963,-27.4880428,32.4514173,agnSED/agn.spec.gz,4.38
614443810653257756,52.9548186,-27.5164878,26.4825932,agnSED/agn.spec.gz,1.06
614443810653258780,52.9546133,-27.5165011,28.5498215,agnSED/agn.spec.gz,1.06
614418746811707420,52.912574,-27.5273908,29.9010743,agnSED/agn.spec.gz,4.57
614418746811708444,52.9128374,-27.5273853,28.5767534,agnSED/agn.spec.gz,4.57
614418746811709468,52.9125298,-27.5270069,29.0113351,agnSED/agn.spec.gz,4.57
614418746811710492,52.9128621,-27.5272339,28.8156497,agnSED/agn.spec.gz,4.57
614578433487446044,52.9131383,-27.5271831,29.3833224,agnSED/agn.spec.gz,2.16
614578433487447068,52.9133387,-27.5270737,28.2199039,agnSED/agn.spec.gz,2.16
614554178212053020,52.9145291,-27.5224161,27.9252834,agnSED/agn.spec.gz,2.01
614554178212054044,52.9149385,-27.5214056,27.2595149,agnSED/agn.spec.gz,2.01
614412729784619036,52.9254237,-27.5213976,22.2397104,agnSED/agn.spec.gz,1.14
614412729784620060,52.9257312,-27.5213853,22.9314793,agnSED/agn.spec.gz,1.14
614578424404639772,52.9208775,-27.5114147,32.7214425,agnSED/agn.spec.gz,5.41
614578424404640796,52.9208395,-27.5109392,32.7016312,agnSED/agn.spec.gz,5.41
614578402111758364,52.959017,-27.4846151,28.9259523,agnSED/agn.spec.gz,2.26
614578402111759388,52.9586502,-27.4845352,30.1669748,agnSED/agn.spec.gz,2.26
614440078736650268,52.9531124,-27.4847185,24.6777642,agnSED/agn.spec.gz,3.73
614440078736651292,52.9528887,-27.4846684,22.9225285,agnSED/agn.spec.gz,3.73
614440078736652316,52.9531063,-27.4844541,23.8813192,agnSED/agn.spec.gz,3.73
614440078736653340,52.9528913,-27.484571,23.2713653,agnSED/agn.spec.gz,3.73
614578411541483548,52.8160006,-27.5040434,31.1425811,agnSED/agn.spec.gz,3.15
614578411541484572,52.8162801,-27.5042405,31.7320875,agnSED/agn.spec.gz,3.15
614413561572151324,52.8414794,-27.4798584,30.6215302,agnSED/agn.spec.gz,2.35
614413561572152348,52.8417452,-27.4796082,29.3038471,agnSED/agn.spec.gz,2.35
614407082815336476,52.8117193,-27.517746,29.4229195,agnSED/agn.spec.gz,1.67
614407082815337500,52.8119088,-27.5174845,31.6667046,agnSED/agn.spec.gz,1.67
614454727701413916,52.8340252,-27.5330558,24.2308061,agnSED/agn.spec.gz,1.82
614454727701414940,52.8342228,-27.5328111,25.9801539,agnSED/agn.spec.gz,1.82
614436195707174940,52.8962088,-27.471833,26.4698978,agnSED/agn.spec.gz,1.92
614436195707175964,52.8967744,-27.4713127,26.8220246,agnSED/agn.spec.gz,1.92
614430898115776540,52.8618488,-27.46834,25.0395929,agnSED/agn.spec.gz,1.03
614430898115777564,52.8619236,-27.4681858,26.2269059,agnSED/agn.spec.gz,1.03
614413993697681436,52.8560908,-27.4891524,29.4010618,agnSED/agn.spec.gz,1.99
614413993697682460,52.8555502,-27.4890236,32.4430947,agnSED/agn.spec.gz,1.99
614455281531285532,52.816438,-27.5093751,27.6129887,agnSED/agn.spec.gz,1.18
614455281531286556,52.8166207,-27.5093507,25.9095832,agnSED/agn.spec.gz,1.18
614415321203212316,52.8174915,-27.5078513,28.7060623,agnSED/agn.spec.gz,1.88
614415321203213340,52.8173598,-27.5076429,27.016182,agnSED/agn.spec.gz,1.88
614464719290638364,52.8356987,-27.5017946,27.4010149,agnSED/agn.spec.gz,2.26
614464719290639388,52.8353318,-27.5017148,28.3237957,agnSED/agn.spec.gz,2.26
614418028187389980,52.9049866,-27.5105613,27.2150136,agnSED/agn.spec.gz,1.72
614418028187391004,52.9052983,-27.5102877,29.1348571,agnSED/agn.spec.gz,1.72
614418028187392028,52.9049455,-27.5101569,27.3368142,agnSED/agn.spec.gz,1.72
614418028187393052,52.9050087,-27.5100806,27.0750993,agnSED/agn.spec.gz,1.72
614407903140356124,52.9065949,-27.5079203,27.8473747,agnSED/agn.spec.gz,0.91
614407903140357148,52.9068187,-27.5079148,28.6398199,agnSED/agn.spec.gz,0.91
614410555494805532,52.9092375,-27.5007847,28.8753798,agnSED/agn.spec.gz,1.18
614410555494806556,52.9094202,-27.5007602,26.9538502,agnSED/agn.spec.gz,1.18
614411568519778332,52.845533,-27.5477628,30.2909407,agnSED/agn.spec.gz,1.85
614411568519779356,52.8456879,-27.5475699,31.2427149,agnSED/agn.spec.gz,1.85
614405779435823132,52.8287732,-27.4647426,24.8074261,agnSED/agn.spec.gz,0.66
614405779435824156,52.8290382,-27.4646206,24.2168133,agnSED/agn.spec.gz,0.66
614410503321985052,52.8253186,-27.4612329,28.0132522,agnSED/agn.spec.gz,1.21
614410503321986076,52.8248846,-27.4610313,28.3654926,agnSED/agn.spec.gz,1.21
614424974654640156,52.8991009,-27.4581092,23.253112,agnSED/agn.spec.gz,0.87
614424974654641180,52.8994299,-27.4579938,25.3959482,agnSED/agn.spec.gz,0.87
614418126165368860,52.8986106,-27.4643223,32.2265208,agnSED/agn.spec.gz,3.19
614418126165369884,52.898436,-27.4642874,31.8586292,agnSED/agn.spec.gz,3.19
614455590657716252,52.8884123,-27.4302206,25.7083096,agnSED/agn.spec.gz,1.19
614455590657717276,52.8885638,-27.4298874,27.8225416,agnSED/agn.spec.gz,1.19
614400882309218332,52.8668185,-27.4457373,23.1903482,agnSED/agn.spec.gz,0.48
614400882309219356,52.866335,-27.4453472,24.7091868,agnSED/agn.spec.gz,0.48
614517982250459164,52.8848465,-27.4329736,28.6546523,agnSED/agn.spec.gz,1.33
614517982250460188,52.8848205,-27.4333303,30.0559609,agnSED/agn.spec.gz,1.33
614578290087256092,52.9941052,-27.4564643,31.0609173,agnSED/agn.spec.gz,4.71
614578290087257116,52.9943062,-27.4563948,30.2081842,agnSED/agn.spec.gz,4.71
614407694254178332,52.996976,-27.4519558,24.0943146,agnSED/agn.spec.gz,0.48
614407694254179356,52.9964925,-27.4515657,26.1158207,agnSED/agn.spec.gz,0.48
614416593236533276,52.9968279,-27.4074687,29.3920738,agnSED/agn.spec.gz,2.28
614416593236534300,52.9967027,-27.4072639,29.382404,agnSED/agn.spec.gz,2.28
614413527460810780,52.9907587,-27.4102434,28.4644133,agnSED/agn.spec.gz,1.69
614413527460811804,52.9910105,-27.4101198,29.5472708,agnSED/agn.spec.gz,1.69
614433515223670812,52.9307109,-27.4561441,28.1962522,agnSED/agn.spec.gz,1.07
614433515223671836,52.9301785,-27.4559952,26.917193,agnSED/agn.spec.gz,1.07
614406763111440412,52.9678059,-27.4277839,26.8874824,agnSED/agn.spec.gz,2.3
614406763111441436,52.9678709,-27.427332,27.2596019,agnSED/agn.spec.gz,2.3
614417031271776284,52.999414,-27.3354131,26.1425,agnSED/agn.spec.gz,0.9
614417031271777308,52.9993597,-27.3351972,26.5676355,agnSED/agn.spec.gz,0.9
614415786138701852,52.9771705,-27.3449388,27.9408459,agnSED/agn.spec.gz,1.73
614415786138702876,52.9768954,-27.3445528,28.2826707,agnSED/agn.spec.gz,1.73
614555141532422172,52.9229746,-27.4103224,27.2094771,agnSED/agn.spec.gz,2.37
614555141532423196,52.9231523,-27.4100511,27.0067409,agnSED/agn.spec.gz,2.37
614432932587642908,52.9232138,-27.456414,20.3065849,agnSED/agn.spec.gz,1.11
614432932587643932,52.9231559,-27.4562166,21.0805103,agnSED/agn.spec.gz,1.11
614430092444938268,52.9214349,-27.4463944,30.0191819,agnSED/agn.spec.gz,3.08
614430092444939292,52.9216185,-27.4463787,29.4546795,agnSED/agn.spec.gz,3.08
614566888970477596,52.9215056,-27.4416044,25.9748565,agnSED/agn.spec.gz,1.37
614566888970478620,52.9214844,-27.4410916,28.172876,agnSED/agn.spec.gz,1.37
614416262842318876,52.9256358,-27.4366546,25.003755,agnSED/agn.spec.gz,1.52
614416262842319900,52.9253946,-27.4365904,24.5826413,agnSED/agn.spec.gz,1.52
614481518532603932,52.9540903,-27.4017078,25.047374,agnSED/agn.spec.gz,2.74
614481518532604956,52.9540215,-27.4015631,26.174546,agnSED/agn.spec.gz,2.74
614402510540927004,52.7201182,-27.3260198,25.0157842,agnSED/agn.spec.gz,0.62
614402510540928028,52.7207283,-27.3257306,25.3014331,agnSED/agn.spec.gz,0.62
614402510540929052,52.7207531,-27.3254166,25.0021996,agnSED/agn.spec.gz,0.62
614402510540930076,52.7201845,-27.3253217,25.9645891,agnSED/agn.spec.gz,0.62
614416655719432220,52.7279567,-27.3303722,26.9534305,agnSED/agn.spec.gz,0.89
614416655719433244,52.728033,-27.3302077,26.5206245,agnSED/agn.spec.gz,0.89
614566195190935580,52.7603095,-27.3032847,31.0785132,agnSED/agn.spec.gz,4.68
614566195190936604,52.759894,-27.3031144,32.3615329,agnSED/agn.spec.gz,4.68
614566195190937628,52.7602614,-27.3028715,31.1570223,agnSED/agn.spec.gz,4.68
614566195190938652,52.7600826,-27.3027718,30.8479538,agnSED/agn.spec.gz,4.68
614575368879464476,52.6750884,-27.3946422,30.0794604,agnSED/agn.spec.gz,2.81
614575368879465500,52.6754322,-27.3945484,30.4279856,agnSED/agn.spec.gz,2.81
614515701700866076,52.7016944,-27.3710778,28.0274816,agnSED/agn.spec.gz,1.45
614515701700867100,52.7016649,-27.370895,29.6084938,agnSED/agn.spec.gz,1.45
614411568396754972,52.7936384,-27.3346379,28.7852621,agnSED/agn.spec.gz,1.85
614411568396755996,52.793774,-27.3345117,28.7190569,agnSED/agn.spec.gz,1.85
614411568396757020,52.79342,-27.3343857,29.9664046,agnSED/agn.spec.gz,1.85
614411568396758044,52.7937672,-27.3342432,29.0590149,agnSED/agn.spec.gz,1.85
614461482937606172,52.7435221,-27.3568405,28.4662214,agnSED/agn.spec.gz,2.47
614461482937607196,52.743253,-27.3564914,28.3454018,agnSED/agn.spec.gz,2.47
614405029058658332,52.7431627,-27.3666648,24.5223892,agnSED/agn.spec.gz,0.48
614405029058659356,52.7426792,-27.3662748,26.093189,agnSED/agn.spec.gz,0.48
614486513674879004,52.7472857,-27.3674861,23.1564826,agnSED/agn.spec.gz,3.29
614486513674880028,52.746904,-27.3671369,21.6410186,agnSED/agn.spec.gz,3.29
614403991286063132,52.7830253,-27.3777995,25.3594224,agnSED/agn.spec.gz,0.66
614403991286064156,52.7832903,-27.3776775,25.2427868,agnSED/agn.spec.gz,0.66
614577217159229468,52.7870951,-27.3602069,29.5367404,agnSED/agn.spec.gz,1.44
614577217159230492,52.787017,-27.360021,29.6519256,agnSED/agn.spec.gz,1.44
614415112417480732,52.7779205,-27.3740379,27.9333552,agnSED/agn.spec.gz,1.28
614415112417481756,52.7785271,-27.3743848,30.9604272,agnSED/agn.spec.gz,1.28
614443917540450332,52.797946,-27.3368512,31.8161996,agnSED/agn.spec.gz,2.52
614443917540451356,52.7978615,-27.3366587,30.1461402,agnSED/agn.spec.gz,2.52
614428348744048668,52.6866271,-27.4563645,25.9767655,agnSED/agn.spec.gz,1.6
614428348744049692,52.6864596,-27.4563164,25.8332271,agnSED/agn.spec.gz,1.6
614428348744050716,52.686938,-27.4561498,26.4197749,agnSED/agn.spec.gz,1.6
614428348744051740,52.6865953,-27.4559551,27.5106797,agnSED/agn.spec.gz,1.6
614435720571396124,52.674666,-27.4246434,25.6791147,agnSED/agn.spec.gz,0.91
614435720571397148,52.6748898,-27.4246379,27.2493473,agnSED/agn.spec.gz,0.91
614569556441747484,52.8098621,-27.4377445,27.0542001,agnSED/agn.spec.gz,1.95
614569556441748508,52.8098772,-27.4374365,27.6091755,agnSED/agn.spec.gz,1.95
614418677342343196,52.804452,-27.3927809,27.9846483,agnSED/agn.spec.gz,1.83
614418677342344220,52.8047134,-27.3926998,28.5631766,agnSED/agn.spec.gz,1.83
614418677342345244,52.8044536,-27.3925044,28.5650994,agnSED/agn.spec.gz,1.83
614418677342346268,52.8046975,-27.3924212,28.1958709,agnSED/agn.spec.gz,1.83
614578315573391388,52.805056,-27.4210117,27.8960004,agnSED/agn.spec.gz,1.51
614578315573392412,52.8048437,-27.4207598,27.4568124,agnSED/agn.spec.gz,1.51
614578315573393436,52.8052436,-27.4207186,27.6150475,agnSED/agn.spec.gz,1.51
614578315573394460,52.8050523,-27.4205446,27.3104629,agnSED/agn.spec.gz,1.51
614416629465653276,52.7766194,-27.4233523,29.181599,agnSED/agn.spec.gz,2.28
614416629465654300,52.7764942,-27.4231475,29.2390105,agnSED/agn.spec.gz,2.28
614480809094955036,52.7683625,-27.4314187,23.2033865,agnSED/agn.spec.gz,2.22
614480809094956060,52.7680503,-27.431079,24.2052295,agnSED/agn.spec.gz,2.22
614466605182271516,52.7684684,-27.4456973,26.7792695,agnSED/agn.spec.gz,3.05
614466605182272540,52.7682633,-27.445601,28.5269583,agnSED/agn.spec.gz,3.05
614412388925820956,52.7828797,-27.4309031,25.5209899,agnSED/agn.spec.gz,1.27
614412388925821980,52.7830469,-27.4305085,25.3796286,agnSED/agn.spec.gz,1.27
614417549571227676,52.7241087,-27.4284903,27.3173466,agnSED/agn.spec.gz,2.56
614417549571228700,52.7241123,-27.428281,28.5716646,agnSED/agn.spec.gz,2.56
614572729478987804,52.7235121,-27.379132,24.7645222,agnSED/agn.spec.gz,2.94
614572729478988828,52.7232503,-27.3791167,25.0976679,agnSED/agn.spec.gz,2.94
614542345146376220,52.7561632,-27.6145381,28.0103276,agnSED/agn.spec.gz,2.48
614542345146377244,52.7558233,-27.6143605,29.341809,agnSED/agn.spec.gz,2.48
614520086886559772,52.7502164,-27.6242445,26.9350526,agnSED/agn.spec.gz,1.16
614520086886560796,52.7493635,-27.6236938,25.7507017,agnSED/agn.spec.gz,1.16
614439836910862364,52.8031944,-27.4816275,31.000505,agnSED/agn.spec.gz,4.06
614439836910863388,52.8033052,-27.481564,29.2389236,agnSED/agn.spec.gz,4.06
614439836910864412,52.8032826,-27.4815165,29.4669575,agnSED/agn.spec.gz,4.06
614439836910865436,52.8031342,-27.4814951,30.1519549,agnSED/agn.spec.gz,4.06
614557060805210140,52.8032512,-27.5038572,29.3119088,agnSED/agn.spec.gz,4.04
614557060805211164,52.8034057,-27.5037593,30.0063033,agnSED/agn.spec.gz,4.04
614484636018069532,52.7953918,-27.4962218,27.0577992,agnSED/agn.spec.gz,2.43
614484636018070556,52.795203,-27.4957519,27.8601664,agnSED/agn.spec.gz,2.43
614420826995261468,52.7358191,-27.5494221,29.003086,agnSED/agn.spec.gz,1.8
614420826995262492,52.7355143,-27.5493977,29.0944265,agnSED/agn.spec.gz,1.8
614420826995263516,52.7357027,-27.549645,27.5277381,agnSED/agn.spec.gz,1.8
614420826995264540,52.735745,-27.5496159,27.4728645,agnSED/agn.spec.gz,1.8
614575692649365532,52.7541258,-27.552362,30.3277358,agnSED/agn.spec.gz,2.64
614575692649366556,52.754219,-27.5521732,31.8773378,agnSED/agn.spec.gz,2.64
614578399662759964,52.7504389,-27.5423043,25.6542229,agnSED/agn.spec.gz,2.1
614578399662760988,52.7501116,-27.541524,27.4409879,agnSED/agn.spec.gz,2.1
614523926478397468,52.7372864,-27.5478866,29.2823384,agnSED/agn.spec.gz,2.4
614523926478398492,52.7373473,-27.547529,26.7515079,agnSED/agn.spec.gz,2.4
614578297900347420,52.7912978,-27.5461572,29.6894704,agnSED/agn.spec.gz,4.57
614578297900348444,52.7915613,-27.5461517,28.4487019,agnSED/agn.spec.gz,4.57
614578297900349468,52.7912536,-27.5457733,29.4988485,agnSED/agn.spec.gz,4.57
614578297900350492,52.7915859,-27.5460003,28.8112341,agnSED/agn.spec.gz,4.57
614401749095034908,52.7633467,-27.5185238,26.5806427,agnSED/agn.spec.gz,0.86
614401749095035932,52.7627383,-27.51844,26.6611413,agnSED/agn.spec.gz,0.86
614401749095036956,52.7632363,-27.5180438,24.5587173,agnSED/agn.spec.gz,0.86
614401749095037980,52.7633268,-27.5180806,24.4242209,agnSED/agn.spec.gz,0.86
614439152416391196,52.7798107,-27.5151671,29.1284467,agnSED/agn.spec.gz,3.79
614439152416392220,52.779844,-27.5153468,28.3804784,agnSED/agn.spec.gz,3.79
614578364714799132,52.7156612,-27.5666931,31.2410612,agnSED/agn.spec.gz,4.9
614578364714800156,52.7153851,-27.5665833,31.5128127,agnSED/agn.spec.gz,4.9
614432527565799452,52.7293682,-27.5597793,28.8927632,agnSED/agn.spec.gz,1.74
614432527565800476,52.7290622,-27.5597495,30.2057426,agnSED/agn.spec.gz,1.74
614578123481468956,52.7309026,-27.6086647,27.9517487,agnSED/agn.spec.gz,2.92
614578123481469980,52.7307152,-27.608643,28.4792709,agnSED/agn.spec.gz,2.92
614578123481471004,52.7309112,-27.6084216,29.0522451,agnSED/agn.spec.gz,2.92
614578123481472028,52.7306232,-27.6084001,28.4830925,agnSED/agn.spec.gz,2.92
614418375731400732,52.7999138,-27.5619175,21.6076116,agnSED/agn.spec.gz,1.28
614418375731401756,52.8005205,-27.5622644,24.1837614,agnSED/agn.spec.gz,1.28
614436916327616540,52.7748788,-27.5600107,27.2411886,agnSED/agn.spec.gz,1.03
614436916327617564,52.7749536,-27.5598566,28.5454588,agnSED/agn.spec.gz,1.03
614447604470591516,52.7765356,-27.5672632,27.7853913,agnSED/agn.spec.gz,1.16
614447604470592540,52.7764275,-27.5669202,29.713088,agnSED/agn.spec.gz,1.16
614439367987363868,52.755918,-27.5837516,28.6005084,agnSED/agn.spec.gz,1.27
614439367987364892,52.7561683,-27.5833503,31.4806014,agnSED/agn.spec.gz,1.27
614450588029935644,52.7703065,-27.4718573,25.2115715,agnSED/agn.spec.gz,2.93
614450588029936668,52.7702774,-27.4716641,24.0077278,agnSED/agn.spec.gz,2.93
614488102236438556,52.7855255,-27.4738029,28.7153077,agnSED/agn.spec.gz,1.35
614488102236439580,52.7849861,-27.4736331,28.3651352,agnSED/agn.spec.gz,1.35
614415751180029980,52.712483,-27.4797064,27.956492,agnSED/agn.spec.gz,1.72
614415751180031004,52.7127948,-27.4794329,30.8551461,agnSED/agn.spec.gz,1.72
614415751180032028,52.712442,-27.4793021,27.6390932,agnSED/agn.spec.gz,1.72
614415751180033052,52.7125051,-27.4792257,27.2898511,agnSED/agn.spec.gz,1.72
614420788830715932,52.712937,-27.511413,29.7203376,agnSED/agn.spec.gz,1.82
614420788830716956,52.713011,-27.5112649,29.7748903,agnSED/agn.spec.gz,1.82
614403645780475932,52.7234492,-27.5077228,29.1327483,agnSED/agn.spec.gz,1.82
614403645780476956,52.7235232,-27.5075747,28.7615718,agnSED/agn.spec.gz,1.82
614405315707912220,52.7381064,-27.5079261,23.8462168,agnSED/agn.spec.gz,0.89
614405315707913244,52.7381826,-27.5077616,23.2337178,agnSED/agn.spec.gz,0.89
614515688788406300,52.6925404,-27.5352731,27.5749869,agnSED/agn.spec.gz,1.46
614515688788407324,52.6926821,-27.5352489,29.0126314,agnSED/agn.spec.gz,1.46
614415902036193308,53.2362441,-27.2512188,29.2551821,agnSED/agn.spec.gz,2.95
614415902036194332,53.2366061,-27.2512132,29.5775115,agnSED/agn.spec.gz,2.95
614474022032576540,53.2163693,-27.2606459,22.707407,agnSED/agn.spec.gz,1.03
614474022032577564,53.2164441,-27.2604917,23.9708593,agnSED/agn.spec.gz,1.03
614419946038476828,53.2406887,-27.2255061,22.1767006,agnSED/agn.spec.gz,2.29
614419946038477852,53.2408732,-27.2253757,22.3059313,agnSED/agn.spec.gz,2.29
614578192161239068,53.207817,-27.2680847,27.238891,agnSED/agn.spec.gz,2.05
614578192161240092,53.207577,-27.2679802,26.6730408,agnSED/agn.spec.gz,2.05
614415883939962908,53.1829727,-27.2485789,26.4799874,agnSED/agn.spec.gz,1.11
614415883939963932,53.1829148,-27.2483815,27.5886165,agnSED/agn.spec.gz,1.11
614578383300214812,53.1930618,-27.2485886,27.9764046,agnSED/agn.spec.gz,2.03
614578383300215836,53.1932029,-27.2484142,27.8670307,agnSED/agn.spec.gz,2.03
614402480947327004,53.1572133,-27.2819438,26.6445905,agnSED/agn.spec.gz,0.62
614402480947328028,53.1578235,-27.2816546,25.5967765,agnSED/agn.spec.gz,0.62
614402480947329052,53.1578482,-27.2813406,25.3717203,agnSED/agn.spec.gz,0.62
614402480947330076,53.1572796,-27.2812457,26.5808285,agnSED/agn.spec.gz,0.62
614414676971892764,53.1570093,-27.2819907,22.4677806,agnSED/agn.spec.gz,0.61
614414676971893788,53.1570932,-27.2816433,24.3712569,agnSED/agn.spec.gz,0.61
614566989837742108,53.1388849,-27.2842128,29.5360808,agnSED/agn.spec.gz,4.49
614566989837743132,53.138654,-27.2841688,31.1586269,agnSED/agn.spec.gz,4.49
614566989837744156,53.1388378,-27.2840543,29.9881569,agnSED/agn.spec.gz,4.49
614566989837745180,53.1388389,-27.2842888,29.5851369,agnSED/agn.spec.gz,4.49
614511995343372316,53.1706913,-27.2544851,28.2131841,agnSED/agn.spec.gz,1.88
614511995343373340,53.1705596,-27.2542768,27.2891717,agnSED/agn.spec.gz,1.88
614578123861225500,53.1252154,-27.2006715,31.8938934,agnSED/agn.spec.gz,3.55
614578123861226524,53.1254005,-27.2006232,31.3923782,agnSED/agn.spec.gz,3.55
614538155614674972,53.1480187,-27.2043713,26.9524149,agnSED/agn.spec.gz,1.85
614538155614675996,53.1481543,-27.2042451,27.1896077,agnSED/agn.spec.gz,1.85
614538155614677020,53.1478003,-27.2041191,28.6624009,agnSED/agn.spec.gz,1.85
614538155614678044,53.1481475,-27.2039766,27.3599113,agnSED/agn.spec.gz,1.85
614420632926056476,53.2042392,-27.2056377,29.1538707,agnSED/agn.spec.gz,1.67
614420632926057500,53.2044286,-27.2053762,31.5166769,agnSED/agn.spec.gz,1.67
614576018903183388,53.098681,-27.2685906,22.3421696,agnSED/agn.spec.gz,1.36
614576018903184412,53.0984204,-27.2693166,20.7704701,agnSED/agn.spec.gz,1.36
614578264832032796,53.0639817,-27.2905248,27.6635975,agnSED/agn.spec.gz,3.94
614578264832033820,53.06423,-27.2899103,27.2301489,agnSED/agn.spec.gz,3.94
614575951514484764,53.089341,-27.226991,27.9069712,agnSED/agn.spec.gz,1.49
614575951514485788,53.0889173,-27.2266641,26.8033219,agnSED/agn.spec.gz,1.49
614575951514486812,53.0896363,-27.2264302,27.7408082,agnSED/agn.spec.gz,1.49
614575951514487836,53.0890147,-27.2261571,27.9859026,agnSED/agn.spec.gz,1.49
614433417851260956,53.0909449,-27.2621748,26.6539681,agnSED/agn.spec.gz,1.27
614433417851261980,53.0911121,-27.2617802,25.9078156,agnSED/agn.spec.gz,1.27
614421517253734428,53.0636175,-27.2634604,28.9135529,agnSED/agn.spec.gz,2.38
614421517253735452,53.0635599,-27.2632982,30.0323826,agnSED/agn.spec.gz,2.38
614437706814079004,53.0626527,-27.2750753,28.8814199,agnSED/agn.spec.gz,3.29
614437706814080028,53.062271,-27.2747261,27.3857985,agnSED/agn.spec.gz,3.29
614515896977260572,53.0828501,-27.252961,25.232878,agnSED/agn.spec.gz,1.46
614515896977261596,53.0830488,-27.2528879,25.5631387,agnSED/agn.spec.gz,1.46
614432505090867228,53.1490902,-27.2513166,27.534198,agnSED/agn.spec.gz,1.78
614432505090868252,53.1491208,-27.2510828,25.8935702,agnSED/agn.spec.gz,1.78
614578415698800668,53.1637544,-27.2107777,29.287382,agnSED/agn.spec.gz,3.07
614578415698801692,53.1644012,-27.2107934,30.0869529,agnSED/agn.spec.gz,3.07
614402511093985308,53.1740003,-27.213154,26.6403553,agnSED/agn.spec.gz,0.49
614402511093986332,53.1736405,-27.213009,28.6543773,agnSED/agn.spec.gz,0.49
614540249805381660,53.1767814,-27.2319452,31.8528509,agnSED/agn.spec.gz,2.08
614540249805382684,53.1767998,-27.2313025,32.6956219,agnSED/agn.spec.gz,2.08
614461488661696540,53.1248734,-27.248444,26.3808389,agnSED/agn.spec.gz,1.03
614461488661697564,53.1249482,-27.2482898,27.7863076,agnSED/agn.spec.gz,1.03
614516635024375836,53.1385665,-27.2378809,32.373611,agnSED/agn.spec.gz,3.36
614516635024376860,53.138721,-27.2378147,30.5564188,agnSED/agn.spec.gz,3.36
614578331751272476,52.8264235,-27.2912961,30.4344753,agnSED/agn.spec.gz,2.32
614578331751273500,52.8267867,-27.2909411,27.655719,agnSED/agn.spec.gz,2.32
614578331751274524,52.826201,-27.2908644,27.4916246,agnSED/agn.spec.gz,2.32
614578331751275548,52.8264978,-27.2907838,27.7129595,agnSED/agn.spec.gz,2.32
614442598164660252,52.856813,-27.2865042,21.2603302,agnSED/agn.spec.gz,0.8
614442598164661276,52.8570106,-27.2862264,23.5371439,agnSED/agn.spec.gz,0.8
614544954040520732,52.8423133,-27.2762123,26.8718766,agnSED/agn.spec.gz,1.28
614544954040521756,52.8429199,-27.2765593,29.1966001,agnSED/agn.spec.gz,1.28
614407297218994204,52.9001928,-27.2826289,20.0552214,agnSED/agn.spec.gz,0.55
614407297218995228,52.9000189,-27.2825386,20.0407054,agnSED/agn.spec.gz,0.55
614439087115685916,52.911446,-27.2566061,28.664577,agnSED/agn.spec.gz,1.14
614439087115686940,52.9112244,-27.2564911,26.1496132,agnSED/agn.spec.gz,1.14
614501649461420060,52.8761384,-27.281735,29.9220339,agnSED/agn.spec.gz,3.49
614501649461421084,52.875755,-27.2815835,32.3254396,agnSED/agn.spec.gz,3.49
614578340242771996,52.8776074,-27.2451662,29.2567863,agnSED/agn.spec.gz,3.82
614578340242773020,52.877801,-27.2450574,31.5571362,agnSED/agn.spec.gz,3.82
614519990551232540,52.8790578,-27.2412902,30.7260322,agnSED/agn.spec.gz,4.07
614519990551233564,52.8791952,-27.2411912,32.6857287,agnSED/agn.spec.gz,4.07
614528331093196828,53.0028744,-27.2649161,30.6265338,agnSED/agn.spec.gz,2.29
614528331093197852,53.0030589,-27.2647857,32.1965839,agnSED/agn.spec.gz,2.29
614410454182952988,53.007855,-27.2192409,29.6742496,agnSED/agn.spec.gz,3.85
614410454182954012,53.0078435,-27.2190022,31.1311159,agnSED/agn.spec.gz,3.85
614578442127941660,52.9405254,-27.282668,25.7622188,agnSED/agn.spec.gz,2.08
614578442127942684,52.9405438,-27.2820252,26.1714523,agnSED/agn.spec.gz,2.08
614404388301103132,52.9697,-27.2620155,20.5190534,agnSED/agn.spec.gz,0.66
614404388301104156,52.969965,-27.2618936,20.0713956,agnSED/agn.spec.gz,0.66
614403076354101276,52.9944768,-27.1453144,28.9070185,agnSED/agn.spec.gz,1.59
614403076354102300,52.9942112,-27.1454495,29.7571034,agnSED/agn.spec.gz,1.59
614420481353805852,52.9535722,-27.2041332,29.9003944,agnSED/agn.spec.gz,2.78
614420481353806876,52.9538382,-27.2037099,29.4443434,agnSED/agn.spec.gz,2.78
614405663376416796,52.9524711,-27.1839582,28.578269,agnSED/agn.spec.gz,1.86
614405663376417820,52.9520579,-27.1839019,27.7177429,agnSED/agn.spec.gz,1.86
614445169736110108,52.9787244,-27.1926513,31.5514761,agnSED/agn.spec.gz,3.42
614445169736111132,52.9787232,-27.1923169,32.2960284,agnSED/agn.spec.gz,3.42
614567196549500956,52.965472,-27.1666324,20.6365459,agnSED/agn.spec.gz,1.27
614567196549501980,52.9656391,-27.1662378,20.2555744,agnSED/agn.spec.gz,1.27
614468391519703068,52.9791232,-27.1691224,29.4964176,agnSED/agn.spec.gz,5.49
614468391519704092,52.9796952,-27.1691438,28.610766,agnSED/agn.spec.gz,5.49
614468391519705116,52.9791627,-27.1684917,29.6766994,agnSED/agn.spec.gz,5.49
614468391519706140,52.9797925,-27.168611,29.0892175,agnSED/agn.spec.gz,5.49
614429158842155036,52.9884995,-27.2217967,29.0203835,agnSED/agn.spec.gz,2.22
614429158842156060,52.9881874,-27.221457,30.0569942,agnSED/agn.spec.gz,2.22
614401297838452764,52.9448892,-27.2637101,22.2272766,agnSED/agn.spec.gz,0.61
614401297838453788,52.9449731,-27.2633626,24.0467184,agnSED/agn.spec.gz,0.61
614439039592116252,52.9472135,-27.2552612,25.9544177,agnSED/agn.spec.gz,1.19
614439039592117276,52.947365,-27.2549279,28.5787357,agnSED/agn.spec.gz,1.19
614536705067831324,52.9211138,-27.2493226,29.7213774,agnSED/agn.spec.gz,2.35
614536705067832348,52.9213796,-27.2490723,28.7327475,agnSED/agn.spec.gz,2.35
614576458212016156,52.9333646,-27.2521956,29.7367947,agnSED/agn.spec.gz,2.85
614576458212017180,52.9334537,-27.2520706,29.8248109,agnSED/agn.spec.gz,2.85
614576458212018204,52.9337014,-27.2519766,30.094811,agnSED/agn.spec.gz,2.85
614576458212019228,52.9336455,-27.2522911,32.8659229,agnSED/agn.spec.gz,2.85
614578314232332316,52.9205047,-27.2696952,26.0850186,agnSED/agn.spec.gz,1.88
614578314232333340,52.920373,-27.2694869,25.0873502,agnSED/agn.spec.gz,1.88
614480621376053276,52.9614678,-27.2195405,29.4073457,agnSED/agn.spec.gz,2.28
614480621376054300,52.9613426,-27.2193357,30.2644061,agnSED/agn.spec.gz,2.28
614537908563902492,53.0503924,-27.1676988,28.0807116,agnSED/agn.spec.gz,1.33
614537908563903516,53.0504446,-27.1678288,29.6992874,agnSED/agn.spec.gz,1.33
614419204526243868,53.0346139,-27.1806537,29.7805043,agnSED/agn.spec.gz,1.27
614419204526244892,53.0348642,-27.1802523,31.0613269,agnSED/agn.spec.gz,1.27
614429568450584604,53.0694946,-27.1464415,28.7088665,agnSED/agn.spec.gz,0.74
614429568450585628,53.0689182,-27.1459118,27.2170531,agnSED/agn.spec.gz,0.74
614409637888720924,53.0181113,-27.262,25.1988863,agnSED/agn.spec.gz,0.74
614409637888721948,53.0177987,-27.2618258,25.506036,agnSED/agn.spec.gz,0.74
614443933575700508,53.0356247,-27.2697807,30.1407727,agnSED/agn.spec.gz,2.43
614443933575701532,53.0357763,-27.2696516,29.0178729,agnSED/agn.spec.gz,2.43
614443933575702556,53.0355182,-27.2696005,29.4981778,agnSED/agn.spec.gz,2.43
614443933575703580,53.0357344,-27.2695927,29.2370932,agnSED/agn.spec.gz,2.43
614578244620570652,53.0981751,-27.2094148,25.5027482,agnSED/agn.spec.gz,3.88
614578244620571676,53.0979726,-27.2093255,25.6936161,agnSED/agn.spec.gz,3.88
614578244620572700,53.0982936,-27.2090387,27.4538065,agnSED/agn.spec.gz,3.88
614578244620573724,53.0978949,-27.2089872,25.7024249,agnSED/agn.spec.gz,3.88
614403411517956124,53.0121453,-27.2228116,26.2803645,agnSED/agn.spec.gz,0.91
614403411517957148,53.0123691,-27.222806,27.4074183,agnSED/agn.spec.gz,0.91
614411633551577116,53.0167971,-27.2168069,27.6006892,agnSED/agn.spec.gz,2.0
614411633551578140,53.0164335,-27.2166135,28.6782525,agnSED/agn.spec.gz,2.0
614403399148036124,53.0194937,-27.228756,26.5097725,agnSED/agn.spec.gz,0.91
614403399148037148,53.0197175,-27.2287504,27.7898037,agnSED/agn.spec.gz,0.91
614578377463758876,53.0593799,-27.2110216,26.9040704,agnSED/agn.spec.gz,1.52
614578377463759900,53.0591387,-27.2109575,26.6661075,agnSED/agn.spec.gz,1.52
614523990029725724,53.05803,-27.2215736,27.9728836,agnSED/agn.spec.gz,3.15
614523990029726748,53.0579449,-27.221414,26.8980445,agnSED/agn.spec.gz,3.15
614578255926607900,53.0346737,-27.248229,30.2663669,agnSED/agn.spec.gz,3.67
614578255926608924,53.0348502,-27.2480173,29.1603704,agnSED/agn.spec.gz,3.67
614578255926609948,53.0345111,-27.2479701,30.4559745,agnSED/agn.spec.gz,3.67
614578255926610972,53.0348043,-27.2479057,29.050755,agnSED/agn.spec.gz,3.67
614405728655585308,53.0320775,-27.2419617,25.0412391,agnSED/agn.spec.gz,0.49
614405728655586332,53.0317178,-27.2418167,27.7882478,agnSED/agn.spec.gz,0.49
614516941069561884,53.0434759,-27.2302301,30.6675253,agnSED/agn.spec.gz,3.43
614516941069562908,53.0435312,-27.2300419,32.2217513,agnSED/agn.spec.gz,3.43
614409853173887004,53.1444544,-27.1661952,25.5015613,agnSED/agn.spec.gz,0.62
614409853173888028,53.1450645,-27.165906,24.9849785,agnSED/agn.spec.gz,0.62
614409853173889052,53.1450893,-27.165592,24.8870381,agnSED/agn.spec.gz,0.62
614409853173890076,53.1445207,-27.1654971,25.4123653,agnSED/agn.spec.gz,0.62
614450196062285852,53.1060962,-27.2026998,29.2002135,agnSED/agn.spec.gz,2.78
614450196062286876,53.1063621,-27.2022765,31.817126,agnSED/agn.spec.gz,2.78
614433417842139164,53.0785641,-27.1549298,26.2446501,agnSED/agn.spec.gz,1.33
614433417842140188,53.0785381,-27.1552866,27.8324637,agnSED/agn.spec.gz,1.33
614412610429317148,53.0305767,-27.1951885,28.6669639,agnSED/agn.spec.gz,1.76
614412610429318172,53.03073,-27.1951202,27.3580802,agnSED/agn.spec.gz,1.76
614478286379986972,53.059861,-27.172771,26.2009028,agnSED/agn.spec.gz,1.64
614478286379987996,53.0599321,-27.1729392,28.9850245,agnSED/agn.spec.gz,1.64
614484677592199196,53.0386859,-27.1979709,24.056487,agnSED/agn.spec.gz,1.04
614484677592200220,53.038934,-27.1979433,23.7324239,agnSED/agn.spec.gz,1.04
614435683432919068,53.0869395,-27.169575,29.8494688,agnSED/agn.spec.gz,2.05
614435683432920092,53.0866995,-27.1694705,31.3323203,agnSED/agn.spec.gz,2.05
614421328702656540,53.0937519,-27.1687731,29.8613502,agnSED/agn.spec.gz,1.03
614421328702657564,53.0938267,-27.1686189,29.7825261,agnSED/agn.spec.gz,1.03
614544466311557148,52.7958657,-27.2669475,25.200854,agnSED/agn.spec.gz,1.76
614544466311558172,52.796019,-27.2668793,23.9188879,agnSED/agn.spec.gz,1.76
614401577748783132,52.7524504,-27.2739825,25.5465877,agnSED/agn.spec.gz,0.66
614401577748784156,52.7527154,-27.2738605,24.9986779,agnSED/agn.spec.gz,0.66
614534778020880412,52.7697985,-27.2858354,30.3927244,agnSED/agn.spec.gz,2.3
614534778020881436,52.7698636,-27.2853834,29.4085182,agnSED/agn.spec.gz,2.3
614425497334480924,52.7818969,-27.2732159,27.0971271,agnSED/agn.spec.gz,0.74
614425497334481948,52.7815842,-27.2730416,27.4177579,agnSED/agn.spec.gz,0.74
614413205639057436,52.7944475,-27.2513584,21.1738285,agnSED/agn.spec.gz,1.65
614413205639058460,52.7941896,-27.2513165,22.5319065,agnSED/agn.spec.gz,1.65
614413205639059484,52.7944065,-27.2513673,21.2048987,agnSED/agn.spec.gz,1.65
614413205639060508,52.7943615,-27.2510823,26.451516,agnSED/agn.spec.gz,1.65
614403669557637148,52.7227401,-27.2820313,29.2804685,agnSED/agn.spec.gz,1.76
614403669557638172,52.7228935,-27.281963,27.6956566,agnSED/agn.spec.gz,1.76
614421902338027548,52.7755367,-27.2297272,30.289497,agnSED/agn.spec.gz,3.26
614421902338028572,52.7754099,-27.2295146,30.3485133,agnSED/agn.spec.gz,3.26
614411732296400924,52.7881506,-27.2246782,26.4579407,agnSED/agn.spec.gz,0.74
614411732296401948,52.7878379,-27.224504,26.7258079,agnSED/agn.spec.gz,0.74
614419624448290844,52.8222526,-27.2813375,23.8689313,agnSED/agn.spec.gz,1.49
614419624448291868,52.8225632,-27.2813248,25.2256611,agnSED/agn.spec.gz,1.49
614578391319695388,52.8137643,-27.2523831,32.5611062,agnSED/agn.spec.gz,5.06
614578391319696412,52.8137616,-27.25224,32.1932141,agnSED/agn.spec.gz,5.06
614400957522292764,52.8529367,-27.231049,22.1714739,agnSED/agn.spec.gz,0.61
614400957522293788,52.8530207,-27.2307016,23.8675261,agnSED/agn.spec.gz,0.61
614406259077931036,52.9692567,-27.1450308,29.0634063,agnSED/agn.spec.gz,1.7
614406259077932060,52.9696364,-27.1450184,31.0404474,agnSED/agn.spec.gz,1.7
614445002354384924,52.9619212,-27.1448907,29.2339947,agnSED/agn.spec.gz,3.26
614445002354385948,52.9622575,-27.1447216,30.194947,agnSED/agn.spec.gz,3.26
614428068106362908,52.9560909,-27.1538627,26.8403106,agnSED/agn.spec.gz,1.11
614428068106363932,52.956033,-27.1536654,27.9056277,agnSED/agn.spec.gz,1.11
614578227100909596,52.817757,-27.1971146,29.4971302,agnSED/agn.spec.gz,5.31
614578227100910620,52.8176074,-27.1968904,30.7129475,agnSED/agn.spec.gz,5.31
614414215814516764,52.8294598,-27.1879839,28.3280235,agnSED/agn.spec.gz,2.02
614414215814517788,52.8291453,-27.1879494,27.6680005,agnSED/agn.spec.gz,2.02
614412809124532252,52.8960009,-27.1578803,23.7269589,agnSED/agn.spec.gz,1.18
614412809124533276,52.8955071,-27.1576344,24.0004103,agnSED/agn.spec.gz,1.18
614412809124534300,52.8961065,-27.1572769,24.3163186,agnSED/agn.spec.gz,1.18
614412809124535324,52.8955276,-27.157058,23.8215316,agnSED/agn.spec.gz,1.18
614535970009096220,52.8331256,-27.2007047,29.2667167,agnSED/agn.spec.gz,2.48
614535970009097244,52.8327857,-27.2005271,29.8167887,agnSED/agn.spec.gz,2.48
614402199583076380,52.9034125,-27.1817659,18.1311556,agnSED/agn.spec.gz,0.82
614402199583077404,52.9035474,-27.1818175,19.8637681,agnSED/agn.spec.gz,0.82
614489000417398812,52.8834729,-27.182639,29.6514098,agnSED/agn.spec.gz,1.27
614489000417399836,52.8836905,-27.182216,27.3480401,agnSED/agn.spec.gz,1.27
614435927534542876,52.8723267,-27.1713557,26.6512504,agnSED/agn.spec.gz,2.5
614435927534543900,52.8724892,-27.1711246,27.6640169,agnSED/agn.spec.gz,2.5
614416598725328924,52.8838923,-27.1674128,27.4529617,agnSED/agn.spec.gz,2.24
614416598725329948,52.8841511,-27.1673119,28.6240581,agnSED/agn.spec.gz,2.24
